Wine 0, 0.206205, 0.195629, 0.200096, 0.201627, 0.196443, 
Wine 2, 0.213789, 0.196369, 0.200852, 0.199612, 0.189377, 
Wine 3, 0.210833, 0.193788, 0.207766, 0.196964, 0.190649, 
Wine 4, 0.206301, 0.190382, 0.203322, 0.210392, 0.189602, 
Wine 5, 0.213208, 0.19167, 0.197349, 0.202171, 0.195602, 
Wine 7, 0.20867, 0.197473, 0.202487, 0.195585, 0.195784, 
Wine 8, 0.209121, 0.192215, 0.209506, 0.203746, 0.185412, 
Wine 9, 0.211114, 0.1894, 0.204717, 0.199951, 0.194817, 
Wine 10, 0.19312, 0.207996, 0.198966, 0.209507, 0.19041, 
Wine 12, 0.200681, 0.193968, 0.200852, 0.211316, 0.193183, 
Wine 13, 0.212361, 0.189282, 0.205877, 0.20625, 0.186229, 
Wine 14, 0.203844, 0.185999, 0.211029, 0.207871, 0.191257, 
Wine 15, 0.194888, 0.196434, 0.207426, 0.199704, 0.201549, 
Wine 17, 0.211044, 0.198918, 0.195401, 0.199885, 0.194753, 
Wine 18, 0.199102, 0.196843, 0.205717, 0.209456, 0.188882, 
Wine 19, 0.202043, 0.204115, 0.205726, 0.20605, 0.182066, 
Wine 20, 0.210256, 0.209031, 0.189222, 0.204906, 0.186585, 
Wine 22, 0.193148, 0.213478, 0.202167, 0.203425, 0.187783, 
Wine 23, 0.195983, 0.210338, 0.202357, 0.206301, 0.185021, 
Wine 24, 0.215928, 0.192657, 0.196488, 0.206829, 0.188098, 
Wine 25, 0.215311, 0.194106, 0.205328, 0.200228, 0.185026, 
Wine 27, 0.203779, 0.196436, 0.194975, 0.194405, 0.210405, 
Wine 28, 0.213404, 0.190748, 0.206888, 0.191094, 0.197866, 
Wine 29, 0.203847, 0.199385, 0.197895, 0.20273, 0.196143, 
Wine 30, 0.207984, 0.193565, 0.201682, 0.208696, 0.188073, 
Wine 32, 0.209132, 0.196397, 0.199829, 0.196582, 0.198059, 
Wine 33, 0.213909, 0.20014, 0.195317, 0.195317, 0.195317, 
Wine 34, 0.200091, 0.193344, 0.206706, 0.19901, 0.200849, 
Wine 35, 0.198882, 0.210747, 0.199005, 0.200798, 0.190568, 
Wine 37, 0.201657, 0.197325, 0.204988, 0.197885, 0.198145, 
Wine 38, 0.197602, 0.206601, 0.197724, 0.196839, 0.201234, 
Wine 39, 0.199144, 0.196823, 0.209323, 0.209635, 0.185075, 
Wine 40, 0.203613, 0.190808, 0.210699, 0.204844, 0.190036, 
Wine 42, 0.196455, 0.217134, 0.199455, 0.195959, 0.190998, 
Wine 43, 0.195223, 0.20656, 0.20477, 0.205435, 0.188012, 
Wine 44, 0.213474, 0.189746, 0.210413, 0.198313, 0.188053, 
Wine 45, 0.209099, 0.192717, 0.206036, 0.20402, 0.188128, 
Wine 47, 0.200902, 0.190763, 0.207776, 0.205069, 0.195491, 
Wine 48, 0.200506, 0.203432, 0.203881, 0.201969, 0.190213, 
Wine 49, 0.206365, 0.195199, 0.210126, 0.19865, 0.189661, 
Wine 50, 0.198438, 0.210346, 0.195633, 0.197661, 0.197922, 
Wine 52, 0.187885, 0.213248, 0.193253, 0.192703, 0.212911, 
Wine 53, 0.198634, 0.205868, 0.198676, 0.201056, 0.195766, 
Wine 54, 0.200591, 0.207049, 0.197736, 0.202538, 0.192086, 
Wine 55, 0.19787, 0.206231, 0.207815, 0.196562, 0.191522, 
Wine 57, 0.209555, 0.200665, 0.197104, 0.196209, 0.196468, 
Wine 58, 0.197948, 0.203859, 0.192372, 0.211312, 0.194509, 
Wine 59, 0.198951, 0.205356, 0.199078, 0.198162, 0.198453, 
Wine 60, 0.19821, 0.206893, 0.195428, 0.208579, 0.190889, 
Wine 62, 0.196561, 0.19481, 0.199756, 0.198226, 0.210647, 
Wine 63, 0.192968, 0.210561, 0.201808, 0.200562, 0.194103, 
Wine 64, 0.197139, 0.203862, 0.191547, 0.207841, 0.199611, 
Wine 65, 0.200205, 0.214697, 0.191816, 0.196555, 0.196727, 
Wine 67, 0.204516, 0.203866, 0.198502, 0.20854, 0.184576, 
Wine 68, 0.196059, 0.213811, 0.196139, 0.195557, 0.198433, 
Wine 69, 0.203314, 0.190721, 0.203578, 0.204549, 0.197838, 
Wine 70, 0.197638, 0.194967, 0.21488, 0.207722, 0.184792, 
Wine 72, 0.203983, 0.191155, 0.211082, 0.199454, 0.194326, 
Wine 73, 0.197227, 0.199696, 0.210768, 0.204233, 0.188076, 
Wine 74, 0.204525, 0.193551, 0.204842, 0.196946, 0.200135, 
Wine 75, 0.205166, 0.194557, 0.205445, 0.203435, 0.191398, 
Wine 77, 0.197125, 0.197837, 0.206844, 0.204501, 0.193694, 
Wine 78, 0.200773, 0.206478, 0.200992, 0.20517, 0.186588, 
Wine 79, 0.195376, 0.209518, 0.195536, 0.214972, 0.184599, 
Wine 80, 0.203149, 0.220415, 0.186459, 0.196207, 0.19377, 
Wine 82, 0.195237, 0.215654, 0.198196, 0.197321, 0.193593, 
Wine 83, 0.202253, 0.192046, 0.199374, 0.20952, 0.196806, 
Wine 84, 0.207681, 0.195471, 0.204725, 0.199324, 0.1928, 
Wine 85, 0.21184, 0.192049, 0.205322, 0.203313, 0.187477, 
Wine 87, 0.201316, 0.189814, 0.208026, 0.203038, 0.197806, 
Wine 88, 0.201212, 0.215951, 0.189958, 0.202921, 0.189958, 
Wine 89, 0.195382, 0.210254, 0.201471, 0.203015, 0.189878, 
Wine 90, 0.198187, 0.213178, 0.195405, 0.192643, 0.200587, 
Wine 92, 0.202214, 0.205593, 0.196396, 0.201137, 0.19466, 
Wine 93, 0.20932, 0.197398, 0.199875, 0.203993, 0.189414, 
Wine 94, 0.203718, 0.196679, 0.203903, 0.19977, 0.19593, 
Wine 95, 0.200439, 0.206134, 0.197565, 0.201903, 0.193959, 
Wine 97, 0.194989, 0.206999, 0.198013, 0.202607, 0.197392, 
Wine 98, 0.200631, 0.209067, 0.197815, 0.202093, 0.190394, 
Wine 99, 0.209105, 0.19575, 0.199712, 0.204372, 0.191061, 
Wine 100, 0.205708, 0.192277, 0.196584, 0.216264, 0.189166, 
Wine 102, 0.200397, 0.191232, 0.210526, 0.205022, 0.192824, 
Wine 103, 0.198707, 0.207857, 0.19303, 0.197918, 0.202489, 
Wine 104, 0.197645, 0.207039, 0.200709, 0.202529, 0.192078, 
Wine 105, 0.198136, 0.210025, 0.192515, 0.205714, 0.193609, 
Wine 107, 0.196369, 0.195047, 0.205866, 0.198268, 0.204451, 
Wine 108, 0.206153, 0.193089, 0.2, 0.204414, 0.196345, 
Wine 109, 0.210525, 0.183773, 0.210964, 0.210964, 0.183773, 
Wine 110, 0.206119, 0.193157, 0.196997, 0.207366, 0.196361, 
Wine 112, 0.20308, 0.192748, 0.203347, 0.207311, 0.193514, 
Wine 113, 0.202268, 0.189548, 0.212901, 0.206501, 0.188782, 
Wine 114, 0.204978, 0.191594, 0.198905, 0.212203, 0.19232, 
Wine 115, 0.203633, 0.193189, 0.207246, 0.201939, 0.193993, 
Wine 117, 0.201122, 0.198293, 0.208062, 0.20839, 0.184133, 
Wine 118, 0.209398, 0.194881, 0.203053, 0.207011, 0.185657, 
Wine 119, 0.196797, 0.21123, 0.20609, 0.19352, 0.192364, 
Wine 120, 0.201654, 0.20773, 0.193085, 0.203367, 0.194164, 
Wine 122, 0.197652, 0.199649, 0.197693, 0.197394, 0.207612, 
Wine 123, 0.201587, 0.191887, 0.208396, 0.20306, 0.19507, 
Wine 124, 0.201167, 0.188894, 0.195379, 0.214663, 0.199897, 
Wine 125, 0.204716, 0.197215, 0.198696, 0.209223, 0.190151, 
Wine 127, 0.204538, 0.203381, 0.201606, 0.205259, 0.185216, 
Wine 128, 0.195312, 0.196034, 0.21162, 0.196962, 0.200072, 
Wine 129, 0.198183, 0.188339, 0.208252, 0.208294, 0.196932, 
Wine 130, 0.194915, 0.218039, 0.197927, 0.202187, 0.186933, 
Wine 132, 0.196422, 0.208447, 0.205666, 0.198539, 0.190928, 
Wine 133, 0.198088, 0.204465, 0.207746, 0.200011, 0.18969, 
Wine 134, 0.196512, 0.208543, 0.20259, 0.201339, 0.191016, 
Wine 135, 0.193125, 0.205246, 0.205227, 0.198055, 0.198347, 
Wine 137, 0.205878, 0.198203, 0.206113, 0.198788, 0.191018, 
Wine 138, 0.212606, 0.192201, 0.206065, 0.203731, 0.185398, 
Wine 139, 0.208189, 0.193053, 0.201928, 0.203776, 0.193053, 
Wine 140, 0.206723, 0.198033, 0.200552, 0.204703, 0.18999, 
Wine 142, 0.21597, 0.191591, 0.205857, 0.200371, 0.186211, 
Wine 143, 0.199255, 0.202584, 0.202546, 0.203804, 0.191811, 
Wine 144, 0.20494, 0.194514, 0.202002, 0.203258, 0.195287, 
Wine 145, 0.198553, 0.210783, 0.195747, 0.198038, 0.196878, 
Wine 147, 0.198532, 0.205302, 0.198615, 0.200693, 0.196857, 
Wine 148, 0.229959, 0.189083, 0.187294, 0.205391, 0.188272, 
Wine 149, 0.195227, 0.197191, 0.19817, 0.208841, 0.200571, 
Wine 150, 0.193848, 0.208685, 0.199672, 0.198766, 0.199028, 
Wine 152, 0.195254, 0.198892, 0.201422, 0.205591, 0.198842, 
Wine 153, 0.193397, 0.194518, 0.202676, 0.203636, 0.205773, 
Wine 154, 0.195466, 0.209531, 0.201673, 0.208574, 0.184757, 
Wine 155, 0.203213, 0.19231, 0.210377, 0.207228, 0.186872, 
Wine 157, 0.198631, 0.191533, 0.208615, 0.208961, 0.192259, 
Wine 158, 0.20636, 0.193698, 0.206599, 0.201986, 0.191357, 
Wine 159, 0.197499, 0.215137, 0.197621, 0.196736, 0.193008, 
Wine 160, 0.205917, 0.192366, 0.202944, 0.213216, 0.185557, 
Wine 162, 0.198972, 0.210659, 0.19614, 0.206464, 0.187765, 
Wine 163, 0.209411, 0.200034, 0.194002, 0.207057, 0.189497, 
Wine 164, 0.196995, 0.200679, 0.197118, 0.204529, 0.200679, 
Wine 165, 0.204999, 0.20047, 0.19897, 0.198355, 0.197207, 
Wine 167, 0.210949, 0.191391, 0.204508, 0.202535, 0.190617, 
Wine 168, 0.205423, 0.195884, 0.202413, 0.198711, 0.197569, 
Wine 169, 0.203969, 0.199035, 0.201044, 0.202583, 0.193369, 
Wine 170, 0.202708, 0.194806, 0.206274, 0.206932, 0.189279, 
Wine 172, 0.198142, 0.193885, 0.204639, 0.208643, 0.194691, 
Wine 173, 0.1979, 0.201197, 0.201142, 0.205305, 0.194456, 
Wine 174, 0.194783, 0.193488, 0.200936, 0.208106, 0.202687, 
Wine 175, 0.194259, 0.211154, 0.197366, 0.213604, 0.183617, 
Wine 177, 0.212639, 0.192925, 0.199772, 0.198539, 0.196125, 
Wine 178, 0.198704, 0.194077, 0.201994, 0.208905, 0.196321, 
Wine 179, 0.195618, 0.210686, 0.201539, 0.195369, 0.196788, 
Wine 180, 0.1978, 0.195161, 0.207766, 0.214249, 0.185024, 
Wine 182, 0.198712, 0.200299, 0.198798, 0.200897, 0.201294, 
Wine 183, 0.202195, 0.193436, 0.205523, 0.201358, 0.197487, 
Wine 184, 0.200614, 0.196263, 0.200787, 0.205218, 0.197117, 
Wine 185, 0.199147, 0.192948, 0.202373, 0.206862, 0.19867, 
Wine 187, 0.199007, 0.19763, 0.20223, 0.206716, 0.194417, 
Wine 188, 0.208355, 0.199596, 0.196066, 0.200566, 0.195416, 
Wine 189, 0.199879, 0.19805, 0.197034, 0.204442, 0.200594, 
Wine 190, 0.203417, 0.196025, 0.197478, 0.202035, 0.201046, 
Wine 192, 0.202049, 0.194241, 0.199173, 0.215787, 0.188749, 
Wine 193, 0.196802, 0.19222, 0.206532, 0.210004, 0.194442, 
Wine 194, 0.195656, 0.199316, 0.208478, 0.209131, 0.187419, 
Wine 195, 0.196466, 0.194294, 0.206179, 0.212849, 0.190213, 
Wine 197, 0.194679, 0.196224, 0.200747, 0.211273, 0.197078, 
Wine 198, 0.196478, 0.200569, 0.202649, 0.201363, 0.198941, 
Wine 199, 0.194138, 0.193707, 0.194178, 0.204727, 0.21325, 
Wine 200, 0.199063, 0.199774, 0.196229, 0.200757, 0.204177, 
Wine 202, 0.199283, 0.200431, 0.202511, 0.207002, 0.190773, 
Wine 203, 0.203227, 0.190544, 0.213818, 0.198757, 0.193654, 
Wine 204, 0.195957, 0.21078, 0.202017, 0.20077, 0.190476, 
Wine 205, 0.197586, 0.191029, 0.200823, 0.207989, 0.202573, 
Wine 207, 0.198139, 0.201859, 0.204498, 0.205766, 0.189738, 
Wine 208, 0.191112, 0.203033, 0.202995, 0.188448, 0.214412, 
Wine 209, 0.200438, 0.208866, 0.191901, 0.204762, 0.194033, 
Wine 210, 0.212708, 0.194703, 0.206164, 0.200938, 0.185487, 
Wine 212, 0.210588, 0.194742, 0.198117, 0.20019, 0.196363, 
Wine 213, 0.207853, 0.194473, 0.204785, 0.203102, 0.189787, 
Wine 214, 0.20215, 0.190022, 0.205639, 0.206599, 0.195589, 
Wine 215, 0.198207, 0.196854, 0.201392, 0.205836, 0.197711, 
Wine 217, 0.197063, 0.195283, 0.203473, 0.210548, 0.193633, 
Wine 218, 0.191698, 0.226366, 0.197396, 0.193487, 0.191054, 
Wine 219, 0.196452, 0.202714, 0.199559, 0.213036, 0.188239, 
Wine 220, 0.196407, 0.208056, 0.202563, 0.201012, 0.191962, 
Wine 222, 0.200899, 0.204671, 0.19804, 0.200102, 0.196288, 
Wine 223, 0.198351, 0.196536, 0.201627, 0.200039, 0.203447, 
Wine 224, 0.198962, 0.192253, 0.20554, 0.203529, 0.199716, 
Wine 225, 0.196988, 0.19429, 0.210628, 0.210292, 0.187802, 
Wine 227, 0.198228, 0.212661, 0.192605, 0.2056, 0.190906, 
Wine 228, 0.218514, 0.191854, 0.204894, 0.197397, 0.18734, 
Wine 229, 0.197053, 0.208808, 0.197174, 0.196291, 0.200674, 
Wine 230, 0.198387, 0.209779, 0.192838, 0.200058, 0.198938, 
Wine 232, 0.197433, 0.209593, 0.191872, 0.196921, 0.204181, 
Wine 233, 0.212086, 0.192423, 0.196248, 0.203627, 0.195615, 
Wine 234, 0.211005, 0.196895, 0.195426, 0.202977, 0.193697, 
Wine 235, 0.205233, 0.192921, 0.20227, 0.201003, 0.198573, 
Wine 237, 0.204, 0.199018, 0.201054, 0.202595, 0.193333, 
Wine 238, 0.204705, 0.197204, 0.201749, 0.206202, 0.19014, 
Wine 239, 0.204777, 0.196169, 0.205099, 0.205754, 0.188202, 
Wine 240, 0.211164, 0.193958, 0.198386, 0.20568, 0.190812, 
Wine 242, 0.200837, 0.198527, 0.201053, 0.205214, 0.194369, 
Wine 243, 0.202087, 0.19674, 0.19921, 0.209348, 0.192615, 
Wine 244, 0.19675, 0.200847, 0.196833, 0.210481, 0.19509, 
Wine 245, 0.207949, 0.197108, 0.201695, 0.203242, 0.190005, 
Wine 247, 0.197227, 0.211502, 0.200406, 0.204517, 0.186347, 
Wine 248, 0.205103, 0.194006, 0.205426, 0.203099, 0.192366, 
Wine 249, 0.201772, 0.197356, 0.20195, 0.200667, 0.198254, 
Wine 250, 0.198983, 0.210219, 0.202305, 0.203276, 0.185217, 
Wine 252, 0.206333, 0.193257, 0.203332, 0.204592, 0.192486, 
Wine 253, 0.202186, 0.192869, 0.202366, 0.20392, 0.198659, 
Wine 254, 0.200491, 0.197048, 0.203725, 0.199934, 0.198801, 
Wine 255, 0.198282, 0.192617, 0.207838, 0.200451, 0.200812, 
Wine 257, 0.201856, 0.194459, 0.20208, 0.206299, 0.195305, 
Wine 258, 0.205978, 0.200474, 0.196929, 0.204288, 0.192332, 
Wine 259, 0.207783, 0.199539, 0.198519, 0.200319, 0.193839, 
Wine 260, 0.204417, 0.197354, 0.198361, 0.203266, 0.196602, 
Wine 262, 0.194203, 0.193336, 0.203415, 0.199002, 0.210043, 
Wine 263, 0.193145, 0.199624, 0.196094, 0.192657, 0.21848, 
Wine 264, 0.197439, 0.196534, 0.20369, 0.202378, 0.199959, 
Wine 265, 0.219292, 0.192738, 0.196502, 0.195634, 0.195834, 
Wine 267, 0.191862, 0.20383, 0.207055, 0.191621, 0.205632, 
Wine 268, 0.213209, 0.193442, 0.200307, 0.196392, 0.196651, 
Wine 269, 0.204733, 0.19821, 0.198712, 0.198402, 0.199944, 
Wine 270, 0.207333, 0.194801, 0.20119, 0.200252, 0.196424, 
Wine 272, 0.20572, 0.193192, 0.205954, 0.204262, 0.190871, 
Wine 273, 0.189741, 0.191623, 0.198367, 0.197159, 0.223109, 
Wine 274, 0.20789, 0.195324, 0.20173, 0.198104, 0.196951, 
Wine 275, 0.211508, 0.195711, 0.202078, 0.193388, 0.197314, 
Wine 277, 0.201811, 0.200861, 0.195962, 0.201258, 0.200109, 
Wine 278, 0.204943, 0.195936, 0.201918, 0.201267, 0.195936, 
Wine 279, 0.204695, 0.191823, 0.208327, 0.200151, 0.195005, 
Wine 280, 0.19531, 0.19531, 0.198214, 0.197905, 0.21326, 
Wine 282, 0.20022, 0.188383, 0.206927, 0.210699, 0.193772, 
Wine 283, 0.200862, 0.191744, 0.204207, 0.197071, 0.206117, 
Wine 284, 0.1995, 0.192311, 0.202886, 0.203848, 0.201455, 
Wine 285, 0.207294, 0.19467, 0.204257, 0.197461, 0.196318, 
Wine 287, 0.207149, 0.195055, 0.200966, 0.197647, 0.199183, 
Wine 288, 0.203762, 0.194936, 0.197813, 0.200169, 0.203319, 
Wine 289, 0.207149, 0.195055, 0.200966, 0.197647, 0.199183, 
Wine 290, 0.196103, 0.198094, 0.199105, 0.195843, 0.210855, 
Wine 292, 0.207027, 0.194514, 0.200893, 0.197282, 0.200283, 
Wine 293, 0.19397, 0.196328, 0.196812, 0.196514, 0.216376, 
Wine 294, 0.208349, 0.198084, 0.199081, 0.201174, 0.193311, 
Wine 295, 0.208132, 0.191949, 0.208464, 0.200282, 0.191173, 
Wine 297, 0.201317, 0.197416, 0.195482, 0.200495, 0.205289, 
Wine 298, 0.203027, 0.201145, 0.197143, 0.199196, 0.199489, 
Wine 299, 0.202669, 0.19284, 0.202893, 0.201272, 0.200326, 
Wine 300, 0.196789, 0.192674, 0.203088, 0.210075, 0.197373, 
Wine 302, 0.206329, 0.198703, 0.200215, 0.199281, 0.195472, 
Wine 303, 0.20286, 0.193099, 0.203082, 0.196044, 0.204915, 
Wine 304, 0.2039, 0.194432, 0.204085, 0.197239, 0.200343, 
Wine 305, 0.201383, 0.196975, 0.204764, 0.203106, 0.193772, 
Wine 307, 0.212374, 0.198058, 0.202668, 0.195979, 0.190921, 
Wine 308, 0.209863, 0.191754, 0.200436, 0.202259, 0.195687, 
Wine 309, 0.212663, 0.193492, 0.199837, 0.198905, 0.195103, 
Wine 310, 0.213705, 0.191563, 0.200773, 0.196849, 0.197109, 
Wine 312, 0.20311, 0.192777, 0.210119, 0.204341, 0.189654, 
Wine 313, 0.206745, 0.196639, 0.203737, 0.197013, 0.195866, 
Wine 314, 0.216861, 0.188339, 0.203449, 0.201541, 0.18981, 
Wine 315, 0.194466, 0.196844, 0.194466, 0.197033, 0.217192, 
Wine 317, 0.200509, 0.199122, 0.200638, 0.199702, 0.200028, 
Wine 318, 0.212259, 0.193265, 0.199553, 0.195996, 0.198927, 
Wine 319, 0.200405, 0.198522, 0.207086, 0.205031, 0.188956, 
Wine 320, 0.19953, 0.18782, 0.202889, 0.203857, 0.205903, 
Wine 322, 0.20132, 0.187097, 0.21161, 0.187097, 0.212875, 
Wine 323, 0.201783, 0.191517, 0.212299, 0.205987, 0.188415, 
Wine 324, 0.206138, 0.190741, 0.206418, 0.204398, 0.192304, 
Wine 325, 0.191515, 0.196214, 0.1943, 0.19401, 0.22396, 
Wine 327, 0.204454, 0.200422, 0.201459, 0.198132, 0.195534, 
Wine 328, 0.209862, 0.19407, 0.20355, 0.196832, 0.195686, 
Wine 329, 0.196312, 0.195424, 0.19938, 0.201193, 0.20769, 
Wine 330, 0.199658, 0.193442, 0.206118, 0.201603, 0.199179, 
Wine 332, 0.215316, 0.189435, 0.205332, 0.197486, 0.19243, 
Wine 333, 0.198362, 0.199508, 0.208033, 0.200288, 0.193809, 
Wine 334, 0.197281, 0.19308, 0.214031, 0.20176, 0.193847, 
Wine 335, 0.205499, 0.192576, 0.199411, 0.206742, 0.195771, 
Wine 337, 0.20179, 0.189293, 0.205309, 0.203017, 0.200591, 
Wine 338, 0.194106, 0.190473, 0.217463, 0.195975, 0.201983, 
Wine 339, 0.192258, 0.195827, 0.215197, 0.196766, 0.199952, 
Wine 340, 0.204967, 0.194949, 0.205198, 0.200704, 0.194182, 
Wine 342, 0.210015, 0.194212, 0.194684, 0.205261, 0.195829, 
Wine 343, 0.207349, 0.199048, 0.204311, 0.199836, 0.189457, 
Wine 344, 0.200318, 0.197983, 0.207085, 0.204706, 0.189908, 
Wine 345, 0.209471, 0.194441, 0.203124, 0.209924, 0.18304, 
Wine 347, 0.201116, 0.189708, 0.204465, 0.202832, 0.201878, 
Wine 348, 0.198739, 0.196483, 0.205342, 0.203049, 0.196387, 
Wine 349, 0.199246, 0.190268, 0.212657, 0.209806, 0.188023, 
Wine 350, 0.202794, 0.190717, 0.203015, 0.207235, 0.196238, 
Wine 352, 0.199984, 0.195726, 0.203261, 0.204525, 0.196504, 
Wine 353, 0.195458, 0.191736, 0.211895, 0.205943, 0.194968, 
Wine 354, 0.20908, 0.19583, 0.199759, 0.196198, 0.199132, 
Wine 355, 0.204705, 0.194374, 0.208275, 0.197535, 0.195111, 
Wine 357, 0.197727, 0.204433, 0.197809, 0.199869, 0.200163, 
Wine 358, 0.207509, 0.192639, 0.201361, 0.197742, 0.200749, 
Wine 359, 0.209664, 0.190763, 0.206569, 0.204519, 0.188485, 
Wine 360, 0.195347, 0.197752, 0.198252, 0.195347, 0.213301, 
Wine 362, 0.199058, 0.198133, 0.20541, 0.204069, 0.19333, 
Wine 363, 0.199391, 0.196023, 0.196512, 0.201584, 0.206489, 
Wine 364, 0.193978, 0.201274, 0.19682, 0.196522, 0.211406, 
Wine 365, 0.205172, 0.192771, 0.205403, 0.198165, 0.198489, 
Wine 367, 0.209406, 0.196557, 0.203109, 0.196745, 0.194182, 
Wine 368, 0.212331, 0.195566, 0.202626, 0.198594, 0.190882, 
Wine 369, 0.211631, 0.19201, 0.201936, 0.20319, 0.191233, 
Wine 370, 0.195925, 0.189525, 0.215921, 0.206108, 0.192521, 
Wine 372, 0.196019, 0.183611, 0.213275, 0.219214, 0.187881, 
Wine 373, 0.202268, 0.189548, 0.212901, 0.206501, 0.188782, 
Wine 374, 0.197661, 0.191101, 0.207406, 0.196622, 0.207209, 
Wine 375, 0.202284, 0.189076, 0.216802, 0.209414, 0.182423, 
Wine 377, 0.203596, 0.194284, 0.200656, 0.19705, 0.204413, 
Wine 378, 0.203425, 0.191719, 0.206869, 0.202295, 0.195692, 
Wine 379, 0.203588, 0.192189, 0.210853, 0.201363, 0.192007, 
Wine 380, 0.191454, 0.195756, 0.206614, 0.196312, 0.209864, 
Wine 382, 0.193835, 0.197833, 0.202958, 0.195924, 0.20945, 
Wine 383, 0.201965, 0.199198, 0.19911, 0.203194, 0.196533, 
Wine 384, 0.204606, 0.194113, 0.208236, 0.205844, 0.187201, 
Wine 385, 0.199212, 0.194852, 0.209281, 0.200916, 0.195739, 
Wine 387, 0.201358, 0.190644, 0.219558, 0.199445, 0.188994, 
Wine 388, 0.191429, 0.196127, 0.200097, 0.193924, 0.218423, 
Wine 389, 0.216182, 0.193059, 0.199854, 0.198637, 0.192268, 
Wine 390, 0.208976, 0.203279, 0.196692, 0.196101, 0.194952, 
Wine 392, 0.194837, 0.212717, 0.197752, 0.194589, 0.200106, 
Wine 393, 0.193478, 0.203335, 0.196312, 0.196015, 0.21086, 
Wine 394, 0.199385, 0.198458, 0.199471, 0.196204, 0.206482, 
Wine 395, 0.191882, 0.193812, 0.204001, 0.199533, 0.210772, 
Wine 397, 0.195881, 0.208331, 0.198856, 0.195625, 0.201308, 
Wine 398, 0.193335, 0.1957, 0.199149, 0.195887, 0.215929, 
Wine 399, 0.213039, 0.193288, 0.20328, 0.201679, 0.188713, 
Wine 400, 0.19691, 0.201434, 0.199924, 0.199297, 0.202434, 
Wine 402, 0.193712, 0.203137, 0.199532, 0.196006, 0.207614, 
Wine 403, 0.195302, 0.202248, 0.195341, 0.197628, 0.209481, 
Wine 404, 0.196079, 0.193268, 0.202152, 0.206922, 0.201579, 
Wine 405, 0.193922, 0.20639, 0.196743, 0.196449, 0.206497, 
Wine 407, 0.197251, 0.212543, 0.197291, 0.194463, 0.198452, 
Wine 408, 0.204672, 0.202254, 0.198652, 0.200453, 0.193969, 
Wine 409, 0.201551, 0.205809, 0.19862, 0.19831, 0.19571, 
Wine 410, 0.204724, 0.193359, 0.205079, 0.199669, 0.197169, 
Wine 412, 0.201546, 0.197175, 0.195704, 0.203266, 0.20231, 
Wine 413, 0.198807, 0.202946, 0.195977, 0.200971, 0.2013, 
Wine 414, 0.202202, 0.202444, 0.205692, 0.198034, 0.191628, 
Wine 415, 0.204994, 0.204787, 0.202055, 0.200486, 0.187678, 
Wine 417, 0.198276, 0.205454, 0.201311, 0.195433, 0.199526, 
Wine 418, 0.206933, 0.199219, 0.200756, 0.197117, 0.195976, 
Wine 419, 0.199831, 0.209033, 0.194122, 0.201771, 0.195244, 
Wine 420, 0.197363, 0.191266, 0.203698, 0.202071, 0.205603, 
Wine 422, 0.203515, 0.194137, 0.206962, 0.199606, 0.19578, 
Wine 423, 0.207027, 0.194514, 0.200893, 0.197282, 0.200283, 
Wine 424, 0.201359, 0.199948, 0.195523, 0.197838, 0.205332, 
Wine 425, 0.199489, 0.20322, 0.199614, 0.198708, 0.19897, 
Wine 427, 0.196105, 0.195663, 0.199083, 0.198468, 0.210681, 
Wine 428, 0.196495, 0.196053, 0.19948, 0.201576, 0.206396, 
Wine 429, 0.194417, 0.190778, 0.217812, 0.199002, 0.197991, 
Wine 430, 0.196735, 0.206483, 0.199723, 0.199106, 0.197953, 
Wine 432, 0.212783, 0.198555, 0.194207, 0.199125, 0.19533, 
Wine 433, 0.197504, 0.204654, 0.200527, 0.202644, 0.194672, 
Wine 434, 0.207361, 0.20291, 0.201125, 0.196179, 0.192424, 
Wine 435, 0.200575, 0.208653, 0.194804, 0.204698, 0.191269, 
Wine 437, 0.207934, 0.192288, 0.208221, 0.197668, 0.193889, 
Wine 438, 0.210443, 0.192284, 0.200991, 0.200053, 0.196229, 
Wine 439, 0.196633, 0.203752, 0.202724, 0.199017, 0.197873, 
Wine 440, 0.19584, 0.210747, 0.205129, 0.197961, 0.190323, 
Wine 442, 0.193985, 0.205718, 0.196924, 0.198692, 0.204681, 
Wine 443, 0.193722, 0.203204, 0.19662, 0.198668, 0.207786, 
Wine 444, 0.208117, 0.19986, 0.195884, 0.197924, 0.198215, 
Wine 445, 0.202923, 0.211497, 0.194219, 0.198854, 0.192507, 
Wine 447, 0.204446, 0.194453, 0.201472, 0.205941, 0.193688, 
Wine 448, 0.214354, 0.192145, 0.198347, 0.197447, 0.197707, 
Wine 449, 0.206241, 0.19608, 0.203219, 0.199138, 0.195321, 
Wine 450, 0.208784, 0.19607, 0.202552, 0.19888, 0.193714, 
Wine 452, 0.194785, 0.196744, 0.194825, 0.194534, 0.219111, 
Wine 453, 0.19047, 0.19759, 0.199094, 0.195516, 0.217329, 
Wine 454, 0.201341, 0.195024, 0.198433, 0.195209, 0.209993, 
Wine 455, 0.214205, 0.194346, 0.204393, 0.19731, 0.189746, 
Wine 457, 0.19575, 0.208036, 0.195789, 0.203504, 0.196921, 
Wine 458, 0.200672, 0.192042, 0.207218, 0.199854, 0.200214, 
Wine 459, 0.200163, 0.19876, 0.203431, 0.202121, 0.195525, 
Wine 460, 0.209241, 0.198931, 0.196983, 0.196684, 0.198162, 
Wine 462, 0.206042, 0.196986, 0.203, 0.196986, 0.196986, 
Wine 463, 0.205439, 0.197911, 0.199397, 0.19848, 0.198772, 
Wine 464, 0.213782, 0.194509, 0.200889, 0.194691, 0.196129, 
Wine 465, 0.206835, 0.191387, 0.203827, 0.196704, 0.201248, 
Wine 467, 0.203672, 0.191952, 0.200709, 0.194469, 0.209198, 
Wine 468, 0.206835, 0.196804, 0.197769, 0.202572, 0.196019, 
Wine 469, 0.213096, 0.194167, 0.197478, 0.199525, 0.195733, 
Wine 470, 0.205572, 0.195443, 0.205806, 0.198492, 0.194687, 
Wine 472, 0.209681, 0.193784, 0.200191, 0.204888, 0.191456, 
Wine 473, 0.201167, 0.207709, 0.198262, 0.200346, 0.192516, 
Wine 474, 0.197727, 0.204433, 0.197809, 0.199869, 0.200163, 
Wine 475, 0.206404, 0.193424, 0.200288, 0.199052, 0.200833, 
Wine 477, 0.190104, 0.197167, 0.195695, 0.195107, 0.221927, 
Wine 478, 0.192885, 0.210584, 0.198517, 0.192885, 0.205129, 
Wine 479, 0.195311, 0.204989, 0.201314, 0.197664, 0.200722, 
Wine 480, 0.20204, 0.195702, 0.202172, 0.198507, 0.201578, 
Wine 482, 0.211649, 0.194938, 0.205187, 0.197956, 0.190269, 
Wine 483, 0.212529, 0.195074, 0.20599, 0.198321, 0.188087, 
Wine 484, 0.203497, 0.199043, 0.200558, 0.196953, 0.199949, 
Wine 485, 0.212068, 0.194402, 0.196287, 0.200533, 0.19671, 
Wine 487, 0.203226, 0.197685, 0.206863, 0.19867, 0.193556, 
Wine 488, 0.208084, 0.205076, 0.190256, 0.206328, 0.190256, 
Wine 489, 0.199374, 0.208454, 0.202528, 0.198604, 0.191039, 
Wine 490, 0.213427, 0.191314, 0.197489, 0.204914, 0.192856, 
Wine 492, 0.199946, 0.196595, 0.197079, 0.199413, 0.206967, 
Wine 493, 0.195691, 0.205047, 0.201838, 0.203386, 0.19404, 
Wine 494, 0.218726, 0.19281, 0.193267, 0.200832, 0.194365, 
Wine 495, 0.202571, 0.195685, 0.199646, 0.198714, 0.203384, 
Wine 497, 0.194716, 0.199115, 0.197629, 0.199687, 0.208853, 
Wine 498, 0.198114, 0.196743, 0.201323, 0.197316, 0.206504, 
Wine 499, 0.196486, 0.187697, 0.209601, 0.195453, 0.210763, 
Wine 500, 0.19416, 0.197764, 0.210088, 0.204372, 0.193617, 
Wine 502, 0.20301, 0.193087, 0.209984, 0.201591, 0.192328, 
Wine 503, 0.194378, 0.207038, 0.194378, 0.196944, 0.207262, 
Wine 504, 0.193257, 0.20805, 0.202111, 0.198161, 0.198422, 
Wine 505, 0.196827, 0.21181, 0.199879, 0.196317, 0.195167, 
Wine 507, 0.199444, 0.214341, 0.193786, 0.193504, 0.198925, 
Wine 508, 0.200568, 0.199162, 0.194754, 0.205408, 0.200109, 
Wine 509, 0.199498, 0.190509, 0.196659, 0.204053, 0.209281, 
Wine 510, 0.19875, 0.205117, 0.205079, 0.200672, 0.190383, 
Wine 512, 0.197496, 0.19704, 0.200543, 0.197231, 0.20769, 
Wine 513, 0.196956, 0.193682, 0.197039, 0.1991, 0.213223, 
Wine 514, 0.200603, 0.197663, 0.203745, 0.200326, 0.197663, 
Wine 515, 0.192454, 0.19478, 0.195253, 0.192454, 0.225059, 
Wine 517, 0.200469, 0.197082, 0.197574, 0.19727, 0.207605, 
Wine 518, 0.195714, 0.200185, 0.20489, 0.198073, 0.201137, 
Wine 519, 0.199731, 0.193983, 0.202901, 0.196544, 0.206841, 
Wine 520, 0.194173, 0.194173, 0.2031, 0.196737, 0.211817, 
Wine 522, 0.195917, 0.198328, 0.195917, 0.195917, 0.213923, 
Wine 523, 0.196049, 0.195162, 0.193258, 0.198183, 0.217348, 
Wine 524, 0.196678, 0.19623, 0.19672, 0.193858, 0.216514, 
Wine 525, 0.197244, 0.194436, 0.194436, 0.196986, 0.216897, 
Wine 527, 0.19798, 0.199999, 0.198023, 0.200395, 0.203604, 
Wine 528, 0.205253, 0.193356, 0.205438, 0.198547, 0.197406, 
Wine 529, 0.197753, 0.194918, 0.203878, 0.20015, 0.2033, 
Wine 530, 0.208494, 0.195798, 0.202271, 0.195983, 0.197455, 
Wine 532, 0.202352, 0.196004, 0.196487, 0.198813, 0.206344, 
Wine 533, 0.196582, 0.196134, 0.199591, 0.196322, 0.21137, 
Wine 534, 0.19887, 0.195978, 0.201961, 0.198599, 0.204591, 
Wine 535, 0.195424, 0.192175, 0.208099, 0.197552, 0.206751, 
Wine 537, 0.198884, 0.200472, 0.19897, 0.195711, 0.205964, 
Wine 538, 0.196165, 0.200249, 0.202326, 0.1983, 0.20296, 
Wine 539, 0.205787, 0.196231, 0.196721, 0.199064, 0.202197, 
Wine 540, 0.197167, 0.196718, 0.197209, 0.196906, 0.211999, 
Wine 542, 0.198881, 0.195094, 0.205265, 0.198092, 0.202668, 
Wine 543, 0.20311, 0.192777, 0.210119, 0.204341, 0.189654, 
Wine 544, 0.197978, 0.194208, 0.20763, 0.202701, 0.197483, 
Wine 545, 0.202693, 0.195265, 0.209597, 0.204174, 0.188271, 
Wine 547, 0.199514, 0.196143, 0.196633, 0.196331, 0.21138, 
Wine 548, 0.19775, 0.200214, 0.19775, 0.19775, 0.206537, 
Wine 549, 0.194841, 0.204896, 0.203867, 0.19743, 0.198965, 
Wine 550, 0.198091, 0.197634, 0.198134, 0.197825, 0.208315, 
Wine 552, 0.201911, 0.198472, 0.198975, 0.196059, 0.204583, 
Wine 553, 0.204247, 0.195336, 0.201254, 0.195336, 0.203827, 
Wine 554, 0.195034, 0.197434, 0.200944, 0.203076, 0.203513, 
Wine 555, 0.2055, 0.196468, 0.202467, 0.199097, 0.196468, 
Wine 557, 0.199809, 0.195971, 0.196944, 0.199005, 0.208271, 
Wine 558, 0.206168, 0.194304, 0.200104, 0.196853, 0.202572, 
Wine 559, 0.20152, 0.195636, 0.20477, 0.198253, 0.199821, 
Wine 560, 0.205388, 0.196361, 0.205529, 0.196361, 0.196361, 
Wine 562, 0.205614, 0.193092, 0.209225, 0.201296, 0.190773, 
Wine 563, 0.19241, 0.197161, 0.198154, 0.19241, 0.219865, 
Wine 564, 0.215165, 0.195216, 0.202145, 0.193047, 0.194427, 
Wine 565, 0.196678, 0.19623, 0.19672, 0.193858, 0.216514, 
Wine 567, 0.197036, 0.197036, 0.203099, 0.197036, 0.205792, 
Wine 568, 0.197043, 0.193741, 0.203281, 0.201972, 0.203962, 
Wine 569, 0.197972, 0.192275, 0.20759, 0.20586, 0.196302, 
Wine 570, 0.194164, 0.198987, 0.203089, 0.196727, 0.207033, 
Wine 572, 0.205141, 0.196191, 0.202135, 0.196191, 0.200343, 
Wine 573, 0.20181, 0.19543, 0.195918, 0.200975, 0.205866, 
Wine 574, 0.195357, 0.195357, 0.198241, 0.197936, 0.213108, 
Wine 575, 0.196529, 0.193711, 0.199537, 0.198911, 0.211312, 
Wine 577, 0.19844, 0.197518, 0.198526, 0.195274, 0.210242, 
Wine 578, 0.199485, 0.201074, 0.196625, 0.196327, 0.206489, 
Wine 579, 0.197496, 0.19704, 0.200543, 0.197231, 0.20769, 
Wine 580, 0.195201, 0.197604, 0.201116, 0.197795, 0.208284, 
Wine 582, 0.193631, 0.193201, 0.19655, 0.193382, 0.223235, 
Wine 583, 0.196302, 0.198718, 0.199221, 0.196302, 0.209458, 
Wine 584, 0.19785, 0.194561, 0.200942, 0.19733, 0.209317, 
Wine 585, 0.195917, 0.198328, 0.195917, 0.195917, 0.213923, 
Wine 587, 0.207507, 0.197797, 0.201313, 0.197989, 0.195393, 
Wine 588, 0.203455, 0.197023, 0.20359, 0.197212, 0.198719, 
Wine 589, 0.196885, 0.196006, 0.199938, 0.199018, 0.208153, 
Wine 590, 0.195728, 0.195276, 0.20505, 0.198115, 0.20583, 
Wine 592, 0.190708, 0.195387, 0.20566, 0.195759, 0.212486, 
Wine 593, 0.204999, 0.193203, 0.202018, 0.198355, 0.201424, 
Wine 594, 0.202671, 0.193332, 0.199724, 0.196103, 0.208171, 
Wine 595, 0.194053, 0.19131, 0.199972, 0.196378, 0.218287, 
Wine 597, 0.196641, 0.193822, 0.196683, 0.196381, 0.216473, 
Wine 598, 0.199252, 0.190744, 0.205698, 0.201193, 0.203113, 
Wine 599, 0.194407, 0.196785, 0.197276, 0.194407, 0.217126, 
Wine 600, 0.197128, 0.201656, 0.197169, 0.196867, 0.20718, 
Wine 602, 0.200014, 0.19327, 0.206627, 0.207591, 0.192499, 
Wine 603, 0.194414, 0.199244, 0.197283, 0.19698, 0.212079, 
Wine 604, 0.196513, 0.190532, 0.202721, 0.201146, 0.209088, 
Wine 605, 0.198587, 0.198122, 0.19863, 0.195698, 0.208962, 
Wine 607, 0.204734, 0.195299, 0.204916, 0.198098, 0.196952, 
Wine 608, 0.197113, 0.194287, 0.197155, 0.199503, 0.211941, 
Wine 609, 0.200244, 0.194481, 0.203422, 0.194481, 0.207372, 
Wine 610, 0.195896, 0.195456, 0.201918, 0.200962, 0.205767, 
Wine 612, 0.19775, 0.200214, 0.19775, 0.19775, 0.206537, 
Wine 613, 0.200915, 0.196987, 0.195049, 0.197372, 0.209677, 
Wine 614, 0.204092, 0.192348, 0.201124, 0.197477, 0.204958, 
Wine 615, 0.203616, 0.194233, 0.200654, 0.197017, 0.20448, 
Wine 617, 0.197146, 0.194319, 0.197187, 0.194319, 0.217028, 
Wine 618, 0.200295, 0.201895, 0.200382, 0.194531, 0.202897, 
Wine 619, 0.198225, 0.202754, 0.195404, 0.195404, 0.208214, 
Wine 620, 0.195431, 0.200316, 0.195431, 0.195431, 0.213392, 
Wine 622, 0.202159, 0.196256, 0.202249, 0.198882, 0.200454, 
Wine 623, 0.19366, 0.19366, 0.202563, 0.198859, 0.211257, 
Wine 624, 0.2001, 0.1943, 0.203301, 0.199551, 0.202747, 
Wine 625, 0.19701, 0.198148, 0.206615, 0.201709, 0.196517, 
Wine 627, 0.191323, 0.196018, 0.203095, 0.196391, 0.213172, 
Wine 628, 0.198814, 0.19789, 0.205159, 0.201, 0.197137, 
Wine 629, 0.201387, 0.197956, 0.198458, 0.198148, 0.204051, 
Wine 630, 0.197049, 0.194224, 0.200065, 0.196788, 0.211872, 
Wine 632, 0.203818, 0.197375, 0.197868, 0.197564, 0.203375, 
Wine 633, 0.197244, 0.193912, 0.206827, 0.202209, 0.199807, 
Wine 634, 0.196817, 0.204267, 0.196817, 0.196817, 0.205281, 
Wine 635, 0.204647, 0.198127, 0.201648, 0.195718, 0.19986, 
Wine 637, 0.193115, 0.194235, 0.212647, 0.203339, 0.196664, 
Wine 638, 0.194746, 0.196714, 0.207144, 0.205442, 0.195953, 
Wine 639, 0.192819, 0.205296, 0.201615, 0.203455, 0.196815, 
Wine 640, 0.196344, 0.209132, 0.199242, 0.198936, 0.196344, 
Wine 642, 0.202748, 0.193966, 0.206086, 0.199173, 0.198028, 
Wine 643, 0.208539, 0.197667, 0.202267, 0.200983, 0.190544, 
Wine 644, 0.199873, 0.196496, 0.199959, 0.196684, 0.206988, 
Wine 645, 0.197167, 0.196718, 0.197209, 0.196906, 0.211999, 
Wine 647, 0.198472, 0.19962, 0.204792, 0.203179, 0.193937, 
Wine 648, 0.196646, 0.196198, 0.196688, 0.19903, 0.211439, 
Wine 649, 0.196149, 0.193357, 0.19619, 0.193357, 0.220947, 
Wine 650, 0.195586, 0.205219, 0.198535, 0.195334, 0.205326, 
Wine 652, 0.198472, 0.198013, 0.198514, 0.200892, 0.204109, 
Wine 653, 0.198333, 0.195448, 0.201415, 0.200766, 0.204038, 
Wine 654, 0.196865, 0.194042, 0.206167, 0.20482, 0.198106, 
Wine 655, 0.205805, 0.19676, 0.199707, 0.19676, 0.200968, 
Wine 657, 0.200635, 0.19482, 0.203845, 0.197409, 0.20329, 
Wine 658, 0.195814, 0.196949, 0.198911, 0.190025, 0.218302, 
Wine 659, 0.195917, 0.198328, 0.195917, 0.195917, 0.213923, 
Wine 660, 0.197731, 0.194876, 0.203903, 0.200142, 0.203348, 
Wine 662, 0.19476, 0.197157, 0.200662, 0.19476, 0.21266, 
Wine 663, 0.198023, 0.202572, 0.198065, 0.197761, 0.203578, 
Wine 664, 0.209498, 0.196643, 0.200109, 0.199482, 0.194267, 
Wine 665, 0.198947, 0.195092, 0.202195, 0.200893, 0.202872, 
Wine 667, 0.197087, 0.196637, 0.200103, 0.194261, 0.211912, 
Wine 668, 0.194367, 0.193488, 0.21042, 0.204919, 0.196805, 
Wine 669, 0.210203, 0.192065, 0.197756, 0.199825, 0.200151, 
Wine 670, 0.201974, 0.198534, 0.19612, 0.198726, 0.204646, 
Wine 672, 0.205177, 0.196159, 0.202149, 0.196159, 0.200355, 
Wine 673, 0.196263, 0.198255, 0.202342, 0.201371, 0.201769, 
Wine 674, 0.202336, 0.190776, 0.202513, 0.201228, 0.203147, 
Wine 675, 0.199749, 0.196822, 0.202878, 0.199473, 0.201078, 
Wine 677, 0.193931, 0.198749, 0.196794, 0.193931, 0.216595, 
Wine 678, 0.198091, 0.197634, 0.198134, 0.197825, 0.208315, 
Wine 679, 0.200107, 0.199638, 0.197196, 0.197196, 0.205863, 
Wine 680, 0.195201, 0.197604, 0.201116, 0.197795, 0.208284, 
Wine 682, 0.201869, 0.197922, 0.195975, 0.198309, 0.205925, 
Wine 683, 0.201074, 0.192426, 0.201205, 0.200253, 0.205041, 
Wine 684, 0.192993, 0.197759, 0.195821, 0.19814, 0.215287, 
Wine 685, 0.199969, 0.192703, 0.206724, 0.19861, 0.201994, 
Wine 687, 0.20086, 0.194559, 0.20414, 0.20004, 0.200401, 
Wine 688, 0.198485, 0.195619, 0.201547, 0.195619, 0.20873, 
Wine 689, 0.192254, 0.194179, 0.214595, 0.205568, 0.193404, 
Wine 690, 0.19913, 0.19913, 0.19913, 0.19913, 0.203482, 
Wine 692, 0.19814, 0.203156, 0.19814, 0.19814, 0.202424, 
Wine 693, 0.208677, 0.193091, 0.199373, 0.19582, 0.20304, 
Wine 694, 0.196529, 0.193711, 0.199537, 0.198911, 0.211312, 
Wine 695, 0.195917, 0.198328, 0.195917, 0.195917, 0.213923, 
Wine 697, 0.194811, 0.197194, 0.20067, 0.194811, 0.212513, 
Wine 698, 0.195236, 0.194791, 0.204462, 0.200318, 0.205192, 
Wine 699, 0.198286, 0.192621, 0.201409, 0.197757, 0.209927, 
Wine 700, 0.207562, 0.194922, 0.204521, 0.200414, 0.192581, 
Wine 702, 0.201387, 0.197956, 0.198458, 0.198148, 0.204051, 
Wine 703, 0.21289, 0.19384, 0.197172, 0.196579, 0.199519, 
Wine 704, 0.19907, 0.198145, 0.193342, 0.198532, 0.21091, 
Wine 705, 0.2024, 0.196533, 0.199456, 0.196533, 0.205077, 
Wine 707, 0.202159, 0.196256, 0.202249, 0.198882, 0.200454, 
Wine 708, 0.198962, 0.200548, 0.19611, 0.198432, 0.205949, 
Wine 709, 0.196176, 0.195729, 0.196218, 0.195916, 0.215961, 
Wine 710, 0.203313, 0.197377, 0.200334, 0.197377, 0.201599, 
Wine 712, 0.198607, 0.198148, 0.198649, 0.195739, 0.208857, 
Wine 713, 0.195917, 0.198328, 0.195917, 0.195917, 0.213923, 
Wine 714, 0.196529, 0.193711, 0.199537, 0.198911, 0.211312, 
Wine 715, 0.203268, 0.187701, 0.214069, 0.204244, 0.190717, 
Wine 717, 0.200127, 0.191581, 0.213459, 0.199321, 0.195511, 
Wine 718, 0.200781, 0.197361, 0.200869, 0.197552, 0.203437, 
Wine 719, 0.20357, 0.197084, 0.200587, 0.19995, 0.198808, 
Wine 720, 0.196744, 0.196744, 0.199691, 0.196744, 0.210078, 
Wine 722, 0.194895, 0.19212, 0.204032, 0.19464, 0.214313, 
Wine 723, 0.200004, 0.197095, 0.200048, 0.197095, 0.205758, 
Wine 724, 0.197103, 0.199104, 0.197145, 0.199493, 0.207154, 
Wine 725, 0.196443, 0.193627, 0.202528, 0.196183, 0.21122, 
Wine 727, 0.19903, 0.201059, 0.199072, 0.196156, 0.204683, 
Wine 728, 0.203328, 0.193958, 0.203509, 0.199423, 0.199782, 
Wine 729, 0.212959, 0.196814, 0.197299, 0.19445, 0.19848, 
Wine 730, 0.206615, 0.19422, 0.200539, 0.194399, 0.204227, 
Wine 732, 0.200781, 0.197361, 0.200869, 0.197552, 0.203437, 
Wine 733, 0.199085, 0.195722, 0.202246, 0.201275, 0.201672, 
Wine 734, 0.200245, 0.196834, 0.200332, 0.199696, 0.202894, 
Wine 735, 0.203942, 0.197944, 0.197944, 0.197944, 0.202224, 
Wine 737, 0.202103, 0.192859, 0.212318, 0.198255, 0.194465, 
Wine 738, 0.195228, 0.195228, 0.201144, 0.195228, 0.213171, 
Wine 739, 0.199712, 0.193588, 0.199837, 0.19893, 0.207932, 
Wine 740, 0.198915, 0.20351, 0.196043, 0.201341, 0.200192, 
Wine 742, 0.189741, 0.191623, 0.198367, 0.197159, 0.223109, 
Wine 743, 0.196142, 0.195701, 0.199122, 0.19335, 0.215685, 
Wine 744, 0.19741, 0.201971, 0.200455, 0.197145, 0.203018, 
Wine 745, 0.195676, 0.190125, 0.201822, 0.200541, 0.211837, 
Wine 747, 0.200945, 0.195121, 0.198022, 0.197714, 0.208198, 
Wine 748, 0.199245, 0.195384, 0.196368, 0.201195, 0.207808, 
Wine 749, 0.201335, 0.195457, 0.198385, 0.200775, 0.204047, 
Wine 750, 0.194723, 0.194723, 0.200623, 0.197311, 0.21262, 
Wine 752, 0.197671, 0.199246, 0.203929, 0.194542, 0.204612, 
Wine 753, 0.196978, 0.193703, 0.206396, 0.199122, 0.203801, 
Wine 754, 0.209285, 0.198974, 0.19418, 0.199357, 0.198204, 
Wine 755, 0.205498, 0.196467, 0.196467, 0.196467, 0.205102, 
Wine 757, 0.210114, 0.191852, 0.203747, 0.202435, 0.191852, 
Wine 758, 0.204376, 0.199861, 0.201403, 0.197752, 0.196608, 
Wine 759, 0.206488, 0.196314, 0.203462, 0.202152, 0.191584, 
Wine 760, 0.203696, 0.194873, 0.200733, 0.197445, 0.203253, 
Wine 762, 0.195356, 0.202797, 0.204406, 0.197952, 0.19949, 
Wine 763, 0.198528, 0.198528, 0.201548, 0.198528, 0.202868, 
Wine 764, 0.196176, 0.201111, 0.199115, 0.1988, 0.204798, 
Wine 765, 0.199268, 0.198801, 0.202365, 0.198996, 0.20057, 
Wine 767, 0.198973, 0.201012, 0.205233, 0.198702, 0.196079, 
Wine 768, 0.198445, 0.200469, 0.20464, 0.200865, 0.19558, 
Wine 769, 0.19269, 0.19269, 0.201548, 0.197863, 0.215209, 
Wine 770, 0.198053, 0.192395, 0.204324, 0.20022, 0.205008, 
Wine 772, 0.19775, 0.200214, 0.19775, 0.19775, 0.206537, 
Wine 773, 0.196964, 0.201919, 0.202977, 0.196964, 0.201177, 
Wine 774, 0.196276, 0.203753, 0.196276, 0.198885, 0.204809, 
Wine 775, 0.198497, 0.20053, 0.19854, 0.198226, 0.204207, 
Wine 777, 0.197167, 0.196718, 0.197209, 0.196906, 0.211999, 
Wine 778, 0.203479, 0.196997, 0.203617, 0.197188, 0.19872, 
Wine 779, 0.19835, 0.195486, 0.20141, 0.200769, 0.203985, 
Wine 780, 0.198994, 0.198528, 0.199037, 0.198723, 0.204718, 
Wine 782, 0.199699, 0.204338, 0.199742, 0.199427, 0.196794, 
Wine 783, 0.196738, 0.201687, 0.202745, 0.202091, 0.196738, 
Wine 784, 0.194129, 0.20945, 0.202986, 0.199306, 0.194129, 
Wine 785, 0.197185, 0.194338, 0.203341, 0.202351, 0.202786, 
Wine 787, 0.203011, 0.197084, 0.203101, 0.19972, 0.197084, 
Wine 788, 0.19637, 0.195917, 0.205723, 0.20436, 0.197631, 
Wine 789, 0.204943, 0.195936, 0.201918, 0.201267, 0.195936, 
Wine 790, 0.197647, 0.197647, 0.20063, 0.197647, 0.20643, 
Wine 792, 0.200901, 0.197958, 0.200946, 0.197958, 0.202238, 
Wine 793, 0.201824, 0.20086, 0.195931, 0.201263, 0.200122, 
Wine 794, 0.196582, 0.196134, 0.199591, 0.196322, 0.21137, 
Wine 795, 0.199873, 0.196496, 0.199959, 0.196684, 0.206988, 
Wine 797, 0.196245, 0.203768, 0.196245, 0.198871, 0.20487, 
Wine 798, 0.198435, 0.200468, 0.204678, 0.20087, 0.195549, 
Wine 799, 0.199377, 0.201419, 0.19942, 0.199105, 0.200679, 
Wine 800, 0.200901, 0.197958, 0.200946, 0.197958, 0.202238, 
Wine 802, 0.203034, 0.197062, 0.203125, 0.199716, 0.197062, 
Wine 803, 0.196772, 0.198779, 0.202915, 0.199172, 0.202362, 
Wine 804, 0.195869, 0.190352, 0.198906, 0.197991, 0.216882, 
Wine 805, 0.20038, 0.196967, 0.200468, 0.194572, 0.207613, 
Wine 807, 0.198218, 0.19776, 0.195356, 0.195356, 0.21331, 
Wine 808, 0.196359, 0.195905, 0.202489, 0.198754, 0.206494, 
Wine 809, 0.196075, 0.192815, 0.208792, 0.203785, 0.198533, 
Wine 810, 0.196172, 0.198163, 0.205441, 0.19855, 0.201675, 
Wine 812, 0.20883, 0.193648, 0.199471, 0.204404, 0.193648, 
Wine 813, 0.198238, 0.198238, 0.198238, 0.198238, 0.207048, 
Wine 814, 0.196538, 0.204072, 0.199482, 0.199167, 0.200742, 
Wine 815, 0.195784, 0.198209, 0.204924, 0.201111, 0.199972, 
Wine 817, 0.195939, 0.20345, 0.201921, 0.19856, 0.20013, 
Wine 818, 0.198271, 0.202851, 0.201329, 0.198005, 0.199544, 
Wine 819, 0.197161, 0.199618, 0.200137, 0.197161, 0.205923, 
Wine 820, 0.201117, 0.197691, 0.201205, 0.200566, 0.199421, 
Wine 822, 0.205805, 0.19676, 0.199707, 0.19676, 0.200968, 
Wine 823, 0.197273, 0.202236, 0.197273, 0.197273, 0.205944, 
Wine 824, 0.195587, 0.203085, 0.201559, 0.195587, 0.204183, 
Wine 825, 0.194229, 0.206879, 0.206366, 0.194229, 0.198297, 
Wine 827, 0.200179, 0.199703, 0.200223, 0.202649, 0.197246, 
