Wine 0, 0.215013, 0.200918, 0.189411, 0.193358, 0.2013, 
Wine 1, 0.211221, 0.194524, 0.190104, 0.194066, 0.210084, 
Wine 3, 0.223394, 0.189548, 0.188491, 0.194506, 0.204061, 
Wine 4, 0.209933, 0.20428, 0.198147, 0.197353, 0.190288, 
Wine 5, 0.215425, 0.191285, 0.198016, 0.193315, 0.201959, 
Wine 6, 0.203801, 0.206571, 0.19319, 0.197148, 0.19929, 
Wine 8, 0.209197, 0.196245, 0.204906, 0.196661, 0.192991, 
Wine 9, 0.209504, 0.200116, 0.200157, 0.19695, 0.193274, 
Wine 10, 0.193778, 0.196946, 0.204188, 0.207961, 0.197127, 
Wine 11, 0.199621, 0.198338, 0.207589, 0.191796, 0.202657, 
Wine 13, 0.214903, 0.203946, 0.197849, 0.190041, 0.19326, 
Wine 14, 0.213798, 0.199425, 0.19829, 0.188592, 0.199895, 
Wine 15, 0.194618, 0.205142, 0.198803, 0.195785, 0.205652, 
Wine 16, 0.205598, 0.204203, 0.202922, 0.197181, 0.190096, 
Wine 18, 0.19305, 0.207086, 0.207216, 0.203234, 0.189414, 
Wine 19, 0.196149, 0.202693, 0.194278, 0.207542, 0.199339, 
Wine 20, 0.19214, 0.195207, 0.195244, 0.210942, 0.206468, 
Wine 21, 0.192349, 0.206461, 0.202632, 0.20636, 0.192198, 
Wine 23, 0.191383, 0.194462, 0.209312, 0.210208, 0.194634, 
Wine 24, 0.212126, 0.188792, 0.20505, 0.194898, 0.199135, 
Wine 25, 0.197085, 0.189767, 0.197615, 0.199041, 0.216492, 
Wine 26, 0.211252, 0.198394, 0.196042, 0.195733, 0.198579, 
Wine 28, 0.203471, 0.198459, 0.196158, 0.191159, 0.210753, 
Wine 29, 0.201675, 0.197638, 0.196488, 0.20286, 0.201338, 
Wine 30, 0.208358, 0.206647, 0.199062, 0.193717, 0.192217, 
Wine 31, 0.200553, 0.199309, 0.198339, 0.209164, 0.192636, 
Wine 33, 0.200609, 0.196554, 0.195394, 0.195241, 0.212202, 
Wine 34, 0.213057, 0.202735, 0.189602, 0.191368, 0.203239, 
Wine 35, 0.19534, 0.202009, 0.196228, 0.214555, 0.191868, 
Wine 36, 0.206965, 0.197691, 0.20272, 0.194563, 0.19806, 
Wine 38, 0.187591, 0.197506, 0.203647, 0.209773, 0.201482, 
Wine 39, 0.20706, 0.18816, 0.199391, 0.203165, 0.202224, 
Wine 40, 0.208879, 0.199418, 0.199418, 0.196199, 0.196086, 
Wine 41, 0.195194, 0.197981, 0.203026, 0.201672, 0.202127, 
Wine 43, 0.189432, 0.195844, 0.204463, 0.210512, 0.199748, 
Wine 44, 0.194336, 0.186505, 0.204791, 0.191206, 0.223161, 
Wine 45, 0.204343, 0.199538, 0.205758, 0.197673, 0.192687, 
Wine 46, 0.212752, 0.198952, 0.198992, 0.193648, 0.195656, 
Wine 48, 0.193101, 0.192634, 0.207271, 0.210706, 0.196288, 
Wine 49, 0.214222, 0.200326, 0.200367, 0.194986, 0.190099, 
Wine 50, 0.197889, 0.194005, 0.202144, 0.208392, 0.19757, 
Wine 51, 0.191435, 0.197914, 0.206624, 0.212737, 0.19129, 
Wine 53, 0.194728, 0.201808, 0.201702, 0.203478, 0.198284, 
Wine 54, 0.193064, 0.199769, 0.205995, 0.204772, 0.1964, 
Wine 55, 0.195876, 0.195146, 0.206342, 0.207229, 0.195408, 
Wine 56, 0.205961, 0.196732, 0.196772, 0.191488, 0.209045, 
Wine 58, 0.185159, 0.194776, 0.196016, 0.209309, 0.21474, 
Wine 59, 0.196569, 0.199783, 0.202147, 0.20849, 0.193011, 
Wine 60, 0.197363, 0.20018, 0.20026, 0.208802, 0.193394, 
Wine 61, 0.194189, 0.193479, 0.207186, 0.191836, 0.21331, 
Wine 63, 0.195225, 0.201947, 0.200744, 0.207012, 0.195072, 
Wine 64, 0.202964, 0.19853, 0.200872, 0.202483, 0.195151, 
Wine 65, 0.191126, 0.201078, 0.201197, 0.212281, 0.194319, 
Wine 66, 0.189852, 0.196278, 0.199904, 0.205956, 0.20801, 
Wine 68, 0.189352, 0.195937, 0.205658, 0.209329, 0.199725, 
Wine 69, 0.208306, 0.206626, 0.196763, 0.195983, 0.192323, 
Wine 70, 0.20691, 0.19743, 0.196417, 0.197559, 0.201684, 
Wine 71, 0.20225, 0.197324, 0.207587, 0.19873, 0.194109, 
Wine 73, 0.200997, 0.199729, 0.203712, 0.19538, 0.200183, 
Wine 74, 0.217716, 0.199382, 0.194748, 0.192048, 0.196106, 
Wine 75, 0.209457, 0.193427, 0.201581, 0.19852, 0.197015, 
Wine 76, 0.18783, 0.197671, 0.196565, 0.212476, 0.205458, 
Wine 78, 0.193809, 0.196953, 0.201694, 0.210414, 0.19713, 
Wine 79, 0.189361, 0.206711, 0.201786, 0.212921, 0.189221, 
Wine 80, 0.191661, 0.194501, 0.202987, 0.208907, 0.201944, 
Wine 81, 0.187871, 0.194405, 0.206647, 0.205238, 0.205839, 
Wine 83, 0.210008, 0.212161, 0.196606, 0.19136, 0.189865, 
Wine 84, 0.209448, 0.195809, 0.194856, 0.195988, 0.203899, 
Wine 85, 0.212845, 0.192463, 0.195834, 0.195368, 0.20349, 
Wine 86, 0.206718, 0.21332, 0.202478, 0.19011, 0.187374, 
Wine 88, 0.192675, 0.195775, 0.202926, 0.2091, 0.199524, 
Wine 89, 0.193959, 0.19713, 0.206951, 0.208156, 0.193804, 
Wine 90, 0.196516, 0.199536, 0.203207, 0.204541, 0.1962, 
Wine 91, 0.20781, 0.210184, 0.19599, 0.190932, 0.195083, 
Wine 93, 0.206491, 0.191127, 0.201485, 0.202802, 0.198095, 
Wine 94, 0.20507, 0.19693, 0.19575, 0.197726, 0.204523, 
Wine 95, 0.195288, 0.194799, 0.201938, 0.205653, 0.202322, 
Wine 96, 0.192381, 0.198948, 0.205134, 0.211305, 0.192233, 
Wine 98, 0.187936, 0.194306, 0.217374, 0.212449, 0.187936, 
Wine 99, 0.210957, 0.191344, 0.198077, 0.1976, 0.202022, 
Wine 100, 0.196094, 0.202582, 0.206571, 0.202602, 0.192151, 
Wine 101, 0.207177, 0.201893, 0.201851, 0.194209, 0.19487, 
Wine 103, 0.19026, 0.200497, 0.204177, 0.20795, 0.197116, 
Wine 104, 0.193232, 0.192992, 0.206175, 0.207376, 0.200225, 
Wine 105, 0.190006, 0.207672, 0.198946, 0.210052, 0.193325, 
Wine 106, 0.198337, 0.204867, 0.204933, 0.194186, 0.197676, 
Wine 108, 0.202744, 0.2055, 0.201611, 0.191888, 0.198256, 
Wine 109, 0.208307, 0.192157, 0.206758, 0.200454, 0.192324, 
Wine 110, 0.201676, 0.204402, 0.200611, 0.199618, 0.193693, 
Wine 111, 0.189061, 0.198821, 0.201402, 0.215109, 0.195607, 
Wine 113, 0.210037, 0.193434, 0.200523, 0.195103, 0.200904, 
Wine 114, 0.196664, 0.211093, 0.202015, 0.200856, 0.189373, 
Wine 115, 0.208414, 0.198974, 0.198974, 0.197989, 0.19565, 
Wine 116, 0.186965, 0.193137, 0.209394, 0.209975, 0.200529, 
Wine 118, 0.208469, 0.195562, 0.194433, 0.198194, 0.203342, 
Wine 119, 0.193907, 0.190209, 0.210765, 0.211508, 0.193611, 
Wine 120, 0.195246, 0.198225, 0.206973, 0.208021, 0.191534, 
Wine 121, 0.199541, 0.199004, 0.203828, 0.198432, 0.199196, 
Wine 123, 0.205146, 0.199975, 0.205053, 0.196748, 0.193079, 
Wine 124, 0.200771, 0.220261, 0.202019, 0.191295, 0.185654, 
Wine 125, 0.195752, 0.198784, 0.20498, 0.20142, 0.199064, 
Wine 126, 0.200332, 0.195822, 0.201894, 0.198492, 0.203461, 
Wine 128, 0.203578, 0.19862, 0.20895, 0.193469, 0.195383, 
Wine 129, 0.218409, 0.196065, 0.203617, 0.189013, 0.192896, 
Wine 130, 0.19251, 0.19885, 0.203932, 0.212486, 0.192221, 
Wine 131, 0.205442, 0.196431, 0.191929, 0.193443, 0.212755, 
Wine 133, 0.195422, 0.198618, 0.200967, 0.209726, 0.195267, 
Wine 134, 0.190027, 0.20016, 0.206391, 0.210075, 0.193346, 
Wine 135, 0.201484, 0.200693, 0.19946, 0.201054, 0.197309, 
Wine 136, 0.208174, 0.198946, 0.19207, 0.193715, 0.207095, 
Wine 138, 0.20666, 0.187967, 0.206636, 0.200565, 0.198172, 
Wine 139, 0.209961, 0.197541, 0.198661, 0.196202, 0.197634, 
Wine 140, 0.202642, 0.194525, 0.201631, 0.202952, 0.19825, 
Wine 141, 0.194445, 0.204796, 0.202257, 0.200893, 0.197608, 
Wine 143, 0.192356, 0.195476, 0.205174, 0.203969, 0.203025, 
Wine 144, 0.199681, 0.195453, 0.202592, 0.199346, 0.202929, 
Wine 145, 0.192096, 0.198836, 0.203631, 0.209956, 0.195481, 
Wine 146, 0.193851, 0.207693, 0.204125, 0.207473, 0.186858, 
Wine 148, 0.201026, 0.185877, 0.199792, 0.191674, 0.221632, 
Wine 149, 0.203071, 0.205848, 0.192382, 0.196344, 0.202356, 
Wine 150, 0.198347, 0.201395, 0.202612, 0.206446, 0.1912, 
Wine 151, 0.199963, 0.203131, 0.204259, 0.196673, 0.195973, 
Wine 153, 0.202687, 0.209264, 0.197676, 0.192368, 0.198005, 
Wine 154, 0.187461, 0.190547, 0.211019, 0.217048, 0.193925, 
Wine 155, 0.214656, 0.196579, 0.196658, 0.191411, 0.200697, 
Wine 156, 0.205306, 0.20019, 0.205283, 0.199251, 0.18997, 
Wine 158, 0.207753, 0.195464, 0.201335, 0.196255, 0.199193, 
Wine 159, 0.196578, 0.192757, 0.208385, 0.20944, 0.19284, 
Wine 160, 0.200755, 0.196137, 0.210151, 0.196553, 0.196404, 
Wine 161, 0.195075, 0.209655, 0.20427, 0.196244, 0.194756, 
Wine 163, 0.208883, 0.192688, 0.199703, 0.198737, 0.199989, 
Wine 164, 0.196663, 0.211362, 0.199509, 0.196289, 0.196176, 
Wine 165, 0.19608, 0.20301, 0.201685, 0.203307, 0.195918, 
Wine 166, 0.198353, 0.205165, 0.200187, 0.201787, 0.194509, 
Wine 168, 0.209226, 0.19685, 0.195671, 0.197647, 0.200605, 
Wine 169, 0.211726, 0.198483, 0.192742, 0.19453, 0.202519, 
Wine 170, 0.205338, 0.20397, 0.200262, 0.197054, 0.193376, 
Wine 171, 0.202129, 0.201061, 0.191718, 0.195626, 0.209467, 
Wine 173, 0.190527, 0.197031, 0.208376, 0.206768, 0.197299, 
Wine 174, 0.206374, 0.201232, 0.198845, 0.202591, 0.190958, 
Wine 175, 0.196153, 0.188935, 0.204, 0.215212, 0.1957, 
Wine 176, 0.195824, 0.206483, 0.199012, 0.203016, 0.195665, 
Wine 178, 0.202865, 0.194059, 0.209558, 0.195476, 0.198042, 
Wine 179, 0.193559, 0.200281, 0.203958, 0.205298, 0.196904, 
Wine 180, 0.1993, 0.201732, 0.204619, 0.202915, 0.191433, 
Wine 181, 0.210979, 0.20121, 0.198654, 0.191366, 0.197791, 
Wine 183, 0.212387, 0.199195, 0.196764, 0.192267, 0.199387, 
Wine 184, 0.203452, 0.202357, 0.199846, 0.199026, 0.195318, 
Wine 185, 0.205013, 0.207816, 0.2013, 0.196039, 0.189832, 
Wine 186, 0.210562, 0.197746, 0.20008, 0.197231, 0.194381, 
Wine 188, 0.210028, 0.193586, 0.200657, 0.201972, 0.193757, 
Wine 189, 0.204732, 0.211429, 0.194799, 0.196351, 0.192689, 
Wine 190, 0.213214, 0.206944, 0.192193, 0.19174, 0.195909, 
Wine 191, 0.194211, 0.204594, 0.202111, 0.208358, 0.190727, 
Wine 193, 0.206216, 0.200446, 0.198187, 0.201561, 0.19359, 
Wine 194, 0.195549, 0.198554, 0.204735, 0.205927, 0.195234, 
Wine 195, 0.208624, 0.199065, 0.203035, 0.196932, 0.192344, 
Wine 196, 0.199235, 0.202118, 0.204645, 0.198856, 0.195147, 
Wine 198, 0.201458, 0.197056, 0.201816, 0.19873, 0.20094, 
Wine 199, 0.207027, 0.205569, 0.19672, 0.196078, 0.194607, 
Wine 200, 0.205393, 0.212111, 0.197786, 0.194804, 0.189906, 
Wine 201, 0.207291, 0.191799, 0.196259, 0.198104, 0.206547, 
Wine 203, 0.205787, 0.193628, 0.205764, 0.197485, 0.197336, 
Wine 204, 0.192839, 0.195967, 0.205689, 0.209361, 0.196144, 
Wine 205, 0.189449, 0.207131, 0.209915, 0.200836, 0.192668, 
Wine 206, 0.205908, 0.200718, 0.200718, 0.195293, 0.197365, 
Wine 208, 0.188779, 0.191992, 0.207645, 0.208695, 0.202888, 
Wine 209, 0.192769, 0.20283, 0.194606, 0.210267, 0.199529, 
Wine 210, 0.205822, 0.193079, 0.194268, 0.197927, 0.208904, 
Wine 211, 0.207036, 0.194148, 0.199117, 0.197833, 0.201867, 
Wine 213, 0.202867, 0.198387, 0.200721, 0.195688, 0.202336, 
Wine 214, 0.203919, 0.206691, 0.20533, 0.195102, 0.188958, 
Wine 215, 0.193945, 0.20844, 0.203087, 0.197303, 0.197226, 
Wine 216, 0.210404, 0.200976, 0.201016, 0.1935, 0.194104, 
Wine 218, 0.179573, 0.185365, 0.221123, 0.214966, 0.198973, 
Wine 219, 0.192724, 0.199231, 0.204299, 0.207816, 0.19593, 
Wine 220, 0.193537, 0.186687, 0.213238, 0.206154, 0.200384, 
Wine 221, 0.199773, 0.199245, 0.196848, 0.200924, 0.203211, 
Wine 223, 0.208585, 0.215299, 0.196721, 0.193755, 0.18564, 
Wine 224, 0.201728, 0.208479, 0.203124, 0.193006, 0.193663, 
Wine 225, 0.204316, 0.206627, 0.197868, 0.199019, 0.19217, 
Wine 226, 0.212171, 0.202454, 0.195214, 0.194749, 0.195412, 
Wine 228, 0.213703, 0.18641, 0.19513, 0.192407, 0.212349, 
Wine 229, 0.186853, 0.196729, 0.205411, 0.206452, 0.204555, 
Wine 230, 0.194541, 0.204629, 0.197434, 0.205767, 0.19763, 
Wine 231, 0.190513, 0.200671, 0.204364, 0.210612, 0.19384, 
Wine 233, 0.214636, 0.200565, 0.198132, 0.193019, 0.193649, 
Wine 234, 0.201715, 0.197354, 0.202113, 0.201284, 0.197534, 
Wine 235, 0.206491, 0.194047, 0.194028, 0.195709, 0.209725, 
Wine 236, 0.20408, 0.210755, 0.203987, 0.195725, 0.185453, 
Wine 238, 0.199413, 0.195102, 0.199807, 0.198988, 0.20669, 
Wine 239, 0.209271, 0.199894, 0.197523, 0.196731, 0.196582, 
Wine 240, 0.206878, 0.191195, 0.199216, 0.200665, 0.202046, 
Wine 241, 0.200013, 0.203158, 0.201831, 0.198938, 0.196061, 
Wine 243, 0.202172, 0.197191, 0.202216, 0.200868, 0.197553, 
Wine 244, 0.192495, 0.199309, 0.206662, 0.205616, 0.195917, 
Wine 245, 0.197202, 0.19669, 0.201442, 0.196177, 0.208489, 
Wine 246, 0.205373, 0.207952, 0.200094, 0.196841, 0.189741, 
Wine 248, 0.202458, 0.201109, 0.199906, 0.198746, 0.197781, 
Wine 249, 0.207289, 0.194672, 0.199375, 0.196326, 0.202337, 
Wine 250, 0.188509, 0.18829, 0.21139, 0.209375, 0.202437, 
Wine 251, 0.192296, 0.188908, 0.21295, 0.213695, 0.192151, 
Wine 253, 0.209126, 0.203665, 0.198578, 0.195731, 0.1929, 
Wine 254, 0.202194, 0.201629, 0.2015, 0.1966, 0.198077, 
Wine 255, 0.197996, 0.208899, 0.204782, 0.190663, 0.19766, 
Wine 256, 0.211853, 0.206253, 0.19627, 0.19384, 0.191784, 
Wine 258, 0.197615, 0.200455, 0.202987, 0.201809, 0.197134, 
Wine 259, 0.199758, 0.202668, 0.202625, 0.199331, 0.195618, 
Wine 260, 0.203915, 0.199363, 0.204196, 0.196613, 0.195912, 
Wine 261, 0.198287, 0.198022, 0.199141, 0.198816, 0.205733, 
Wine 263, 0.205676, 0.216681, 0.189593, 0.191223, 0.196826, 
Wine 264, 0.198581, 0.201703, 0.197995, 0.199724, 0.201998, 
Wine 265, 0.209588, 0.193339, 0.195642, 0.19293, 0.208502, 
Wine 266, 0.204056, 0.189084, 0.195699, 0.195233, 0.215928, 
Wine 268, 0.206854, 0.194511, 0.194511, 0.194053, 0.21007, 
Wine 269, 0.197526, 0.200864, 0.200759, 0.195907, 0.204943, 
Wine 270, 0.206852, 0.194852, 0.198275, 0.197798, 0.202224, 
Wine 271, 0.220259, 0.193501, 0.197068, 0.191776, 0.197396, 
Wine 273, 0.211608, 0.197881, 0.197921, 0.19052, 0.202069, 
Wine 274, 0.198826, 0.194847, 0.19827, 0.193563, 0.214495, 
Wine 275, 0.197104, 0.193198, 0.198927, 0.198285, 0.212485, 
Wine 276, 0.197269, 0.200548, 0.195852, 0.193633, 0.212699, 
Wine 278, 0.204142, 0.196366, 0.201013, 0.198494, 0.199985, 
Wine 279, 0.213075, 0.188771, 0.199107, 0.191615, 0.207431, 
Wine 280, 0.209832, 0.208615, 0.193851, 0.193851, 0.193851, 
Wine 281, 0.21132, 0.194834, 0.195942, 0.195629, 0.202275, 
Wine 283, 0.202744, 0.2055, 0.201611, 0.191888, 0.198256, 
Wine 284, 0.211317, 0.20518, 0.195266, 0.190259, 0.197978, 
Wine 285, 0.214133, 0.193229, 0.192089, 0.191938, 0.208612, 
Wine 286, 0.201818, 0.200996, 0.197301, 0.194676, 0.205209, 
Wine 288, 0.197342, 0.204378, 0.195903, 0.19367, 0.208707, 
Wine 289, 0.207181, 0.195401, 0.195401, 0.195401, 0.206617, 
Wine 290, 0.203685, 0.210773, 0.199056, 0.194273, 0.192212, 
Wine 291, 0.212757, 0.199543, 0.194823, 0.196789, 0.196088, 
Wine 293, 0.210473, 0.213141, 0.192908, 0.192756, 0.190722, 
Wine 294, 0.196265, 0.196012, 0.197127, 0.19898, 0.211616, 
Wine 295, 0.208923, 0.189854, 0.201186, 0.195994, 0.204044, 
Wine 296, 0.200038, 0.210978, 0.197976, 0.195157, 0.19585, 
Wine 298, 0.201936, 0.201143, 0.199908, 0.199262, 0.197751, 
Wine 299, 0.197821, 0.204614, 0.204572, 0.199006, 0.193987, 
Wine 300, 0.205983, 0.204352, 0.201974, 0.193952, 0.193738, 
Wine 301, 0.213595, 0.199739, 0.188403, 0.190258, 0.208005, 
Wine 303, 0.204072, 0.191895, 0.191895, 0.191443, 0.220695, 
Wine 304, 0.207395, 0.191749, 0.196234, 0.193805, 0.210817, 
Wine 305, 0.206365, 0.191084, 0.195502, 0.197332, 0.209716, 
Wine 306, 0.205582, 0.212577, 0.192397, 0.192246, 0.197197, 
Wine 308, 0.202787, 0.194892, 0.198316, 0.197839, 0.206166, 
Wine 309, 0.198791, 0.194812, 0.200614, 0.195614, 0.210168, 
Wine 310, 0.203042, 0.194829, 0.192584, 0.190257, 0.219288, 
Wine 311, 0.202989, 0.195162, 0.208493, 0.198107, 0.195249, 
Wine 313, 0.201267, 0.196869, 0.19683, 0.196356, 0.208679, 
Wine 314, 0.223253, 0.193001, 0.190839, 0.192593, 0.200314, 
Wine 315, 0.203488, 0.210569, 0.19424, 0.196201, 0.195502, 
Wine 316, 0.208545, 0.211188, 0.193369, 0.19099, 0.195908, 
Wine 318, 0.19503, 0.194787, 0.195902, 0.195596, 0.218686, 
Wine 319, 0.205407, 0.193491, 0.201687, 0.198603, 0.200811, 
Wine 320, 0.209931, 0.200099, 0.194177, 0.19129, 0.204502, 
Wine 321, 0.201096, 0.200555, 0.198107, 0.195655, 0.204586, 
Wine 323, 0.212419, 0.19864, 0.19868, 0.191251, 0.199011, 
Wine 324, 0.212176, 0.195238, 0.202417, 0.194753, 0.195416, 
Wine 325, 0.20146, 0.212499, 0.188668, 0.192641, 0.204731, 
Wine 326, 0.204856, 0.196401, 0.198719, 0.195889, 0.204135, 
Wine 328, 0.209173, 0.196442, 0.196402, 0.193806, 0.204177, 
Wine 329, 0.208084, 0.215001, 0.19538, 0.192797, 0.188738, 
Wine 330, 0.202194, 0.201385, 0.202554, 0.199457, 0.194411, 
Wine 331, 0.212764, 0.199457, 0.198269, 0.193388, 0.196122, 
Wine 333, 0.204266, 0.207042, 0.200644, 0.195434, 0.192614, 
Wine 334, 0.202259, 0.194159, 0.208985, 0.200266, 0.19433, 
Wine 335, 0.20043, 0.20333, 0.20333, 0.200049, 0.19286, 
Wine 336, 0.204542, 0.195874, 0.207153, 0.19629, 0.196141, 
Wine 338, 0.201955, 0.19731, 0.206018, 0.193434, 0.201282, 
Wine 339, 0.193929, 0.193459, 0.21367, 0.201813, 0.197129, 
Wine 340, 0.214762, 0.193998, 0.195105, 0.194797, 0.201338, 
Wine 341, 0.201565, 0.197744, 0.197744, 0.197744, 0.205205, 
Wine 343, 0.213314, 0.189411, 0.19379, 0.195604, 0.20788, 
Wine 344, 0.204977, 0.196201, 0.19981, 0.198822, 0.20019, 
Wine 345, 0.206844, 0.197771, 0.200316, 0.196941, 0.198127, 
Wine 346, 0.206835, 0.191376, 0.19815, 0.193418, 0.21022, 
Wine 348, 0.205796, 0.204136, 0.204265, 0.195799, 0.190005, 
Wine 349, 0.206324, 0.19749, 0.201124, 0.193556, 0.201506, 
Wine 350, 0.198521, 0.201394, 0.203912, 0.198143, 0.19803, 
Wine 351, 0.199077, 0.214097, 0.198025, 0.186542, 0.202259, 
Wine 353, 0.197864, 0.200928, 0.204617, 0.19905, 0.19754, 
Wine 354, 0.200846, 0.196503, 0.189842, 0.196016, 0.216793, 
Wine 355, 0.210074, 0.193787, 0.191615, 0.191326, 0.213198, 
Wine 356, 0.198413, 0.190977, 0.214548, 0.198123, 0.197939, 
Wine 358, 0.20185, 0.201043, 0.192863, 0.19069, 0.213554, 
Wine 359, 0.214144, 0.190148, 0.196839, 0.194237, 0.204631, 
Wine 360, 0.209446, 0.204292, 0.195738, 0.193495, 0.197029, 
Wine 361, 0.203741, 0.214805, 0.197729, 0.194932, 0.188793, 
Wine 363, 0.20751, 0.210381, 0.196342, 0.193912, 0.191855, 
Wine 364, 0.20141, 0.204384, 0.196902, 0.196422, 0.200882, 
Wine 365, 0.21294, 0.192353, 0.198082, 0.193145, 0.20348, 
Wine 366, 0.20599, 0.204618, 0.198476, 0.193386, 0.19753, 
Wine 368, 0.208601, 0.192484, 0.195865, 0.195394, 0.207656, 
Wine 369, 0.214991, 0.200897, 0.200897, 0.189247, 0.193969, 
Wine 370, 0.1964, 0.199185, 0.212307, 0.202922, 0.189186, 
Wine 371, 0.211267, 0.197563, 0.195219, 0.190213, 0.205738, 
Wine 373, 0.205146, 0.199975, 0.205053, 0.196748, 0.193079, 
Wine 374, 0.206466, 0.208818, 0.197255, 0.189878, 0.197583, 
Wine 375, 0.211867, 0.194026, 0.19897, 0.193164, 0.201973, 
Wine 376, 0.206791, 0.205388, 0.201579, 0.198325, 0.187916, 
Wine 378, 0.206185, 0.201227, 0.199913, 0.1949, 0.197775, 
Wine 379, 0.210215, 0.184082, 0.204583, 0.196216, 0.204905, 
Wine 380, 0.210887, 0.213056, 0.194671, 0.187615, 0.193771, 
Wine 381, 0.199635, 0.199116, 0.209076, 0.196445, 0.195728, 
Wine 383, 0.206925, 0.194932, 0.202005, 0.201038, 0.195099, 
Wine 384, 0.204123, 0.195866, 0.203045, 0.204377, 0.192589, 
Wine 385, 0.20559, 0.197105, 0.206964, 0.196591, 0.193751, 
Wine 386, 0.219956, 0.204844, 0.191702, 0.189386, 0.194111, 
Wine 388, 0.203019, 0.214143, 0.192332, 0.192029, 0.198476, 
Wine 389, 0.209404, 0.189727, 0.188669, 0.190527, 0.221673, 
Wine 390, 0.193446, 0.189945, 0.198936, 0.205179, 0.212494, 
Wine 391, 0.196995, 0.200269, 0.205116, 0.204256, 0.193364, 
Wine 393, 0.199569, 0.202706, 0.201383, 0.200718, 0.195625, 
Wine 394, 0.200171, 0.207226, 0.199549, 0.196877, 0.196176, 
Wine 395, 0.204063, 0.19921, 0.200367, 0.193016, 0.203344, 
Wine 396, 0.199712, 0.206544, 0.195309, 0.199238, 0.199198, 
Wine 398, 0.204755, 0.203905, 0.197741, 0.193222, 0.200377, 
Wine 399, 0.206425, 0.194108, 0.191871, 0.19365, 0.213947, 
Wine 400, 0.200547, 0.211693, 0.195276, 0.199432, 0.193051, 
Wine 401, 0.207389, 0.218585, 0.188794, 0.190545, 0.194687, 
Wine 403, 0.199343, 0.210146, 0.192754, 0.198917, 0.19884, 
Wine 404, 0.207753, 0.195464, 0.201335, 0.196255, 0.199193, 
Wine 405, 0.19812, 0.204983, 0.197566, 0.20154, 0.19779, 
Wine 406, 0.196485, 0.203176, 0.200711, 0.206914, 0.192714, 
Wine 408, 0.193492, 0.200212, 0.201399, 0.200573, 0.204324, 
Wine 409, 0.201765, 0.201211, 0.19872, 0.200605, 0.197698, 
Wine 410, 0.215772, 0.197417, 0.194103, 0.191081, 0.201627, 
Wine 411, 0.214867, 0.190589, 0.193907, 0.191392, 0.209244, 
Wine 413, 0.197795, 0.208588, 0.194942, 0.201209, 0.197465, 
Wine 414, 0.197686, 0.200747, 0.201937, 0.205776, 0.193855, 
Wine 415, 0.200706, 0.199945, 0.198791, 0.207362, 0.193196, 
Wine 416, 0.199419, 0.205932, 0.196102, 0.19978, 0.198766, 
Wine 418, 0.20226, 0.190973, 0.195414, 0.197251, 0.214101, 
Wine 419, 0.191157, 0.205182, 0.200205, 0.20893, 0.194526, 
Wine 420, 0.209629, 0.207842, 0.197546, 0.188323, 0.19666, 
Wine 421, 0.230751, 0.193241, 0.186711, 0.188297, 0.201, 
Wine 423, 0.200865, 0.18976, 0.196437, 0.195964, 0.216974, 
Wine 424, 0.194605, 0.201483, 0.202628, 0.199507, 0.201778, 
Wine 425, 0.196122, 0.192273, 0.200339, 0.20413, 0.207136, 
Wine 426, 0.202451, 0.201641, 0.197987, 0.19971, 0.198212, 
Wine 428, 0.211094, 0.20958, 0.191285, 0.193325, 0.194716, 
Wine 429, 0.196921, 0.196174, 0.210191, 0.19659, 0.200124, 
Wine 430, 0.192477, 0.203022, 0.19929, 0.205672, 0.19954, 
Wine 431, 0.194897, 0.198136, 0.200468, 0.204419, 0.20208, 
Wine 433, 0.201525, 0.197411, 0.200899, 0.202661, 0.197503, 
Wine 434, 0.192257, 0.210174, 0.199948, 0.205807, 0.191813, 
Wine 435, 0.192959, 0.195838, 0.199468, 0.215643, 0.196092, 
Wine 436, 0.205527, 0.196818, 0.205504, 0.195064, 0.197086, 
Wine 438, 0.199071, 0.191766, 0.198514, 0.19589, 0.214759, 
Wine 439, 0.198386, 0.201711, 0.204077, 0.201131, 0.194695, 
Wine 440, 0.196739, 0.203495, 0.198559, 0.20479, 0.196417, 
Wine 441, 0.197588, 0.200899, 0.198448, 0.198127, 0.204938, 
Wine 443, 0.195631, 0.195132, 0.207477, 0.199018, 0.202741, 
Wine 444, 0.205386, 0.193584, 0.196975, 0.203216, 0.200839, 
Wine 445, 0.196207, 0.195732, 0.198064, 0.214095, 0.195902, 
Wine 446, 0.199698, 0.202587, 0.195425, 0.199318, 0.202972, 
Wine 448, 0.206985, 0.198122, 0.194634, 0.194176, 0.206082, 
Wine 449, 0.210558, 0.194132, 0.190799, 0.194924, 0.209586, 
Wine 450, 0.199852, 0.192451, 0.201669, 0.198778, 0.20725, 
Wine 451, 0.194583, 0.190546, 0.202379, 0.198748, 0.213743, 
Wine 453, 0.211436, 0.20553, 0.196683, 0.191781, 0.19457, 
Wine 454, 0.202842, 0.205838, 0.200697, 0.195664, 0.194959, 
Wine 455, 0.206375, 0.187538, 0.19406, 0.193603, 0.218423, 
Wine 456, 0.206645, 0.20947, 0.195767, 0.193373, 0.194745, 
Wine 458, 0.211102, 0.198123, 0.193484, 0.191291, 0.206001, 
Wine 459, 0.207154, 0.198517, 0.191672, 0.200189, 0.202468, 
Wine 460, 0.203915, 0.199412, 0.194743, 0.19459, 0.207341, 
Wine 461, 0.209176, 0.193395, 0.195624, 0.193395, 0.20841, 
Wine 463, 0.21336, 0.203589, 0.196308, 0.193729, 0.193015, 
Wine 464, 0.199951, 0.192614, 0.197068, 0.194658, 0.215708, 
Wine 465, 0.208709, 0.196132, 0.19384, 0.193537, 0.207782, 
Wine 466, 0.208015, 0.192246, 0.193349, 0.195142, 0.211249, 
Wine 468, 0.202055, 0.197687, 0.197667, 0.197196, 0.205395, 
Wine 469, 0.203596, 0.192008, 0.190921, 0.188794, 0.224681, 
Wine 470, 0.212303, 0.191578, 0.192668, 0.19236, 0.211092, 
Wine 471, 0.197201, 0.193068, 0.195368, 0.206154, 0.20821, 
Wine 473, 0.194577, 0.197976, 0.201464, 0.207916, 0.198067, 
Wine 474, 0.204944, 0.200125, 0.198896, 0.202779, 0.193254, 
Wine 475, 0.205058, 0.203666, 0.188441, 0.190306, 0.21253, 
Wine 476, 0.199969, 0.202882, 0.200364, 0.197321, 0.199464, 
Wine 478, 0.19603, 0.202705, 0.200245, 0.201702, 0.199319, 
Wine 479, 0.200049, 0.203194, 0.199459, 0.201201, 0.196096, 
Wine 480, 0.198263, 0.20138, 0.197679, 0.192957, 0.20972, 
Wine 481, 0.200861, 0.200583, 0.197017, 0.197017, 0.204522, 
Wine 483, 0.207417, 0.188311, 0.19264, 0.196587, 0.215045, 
Wine 484, 0.197472, 0.200553, 0.194624, 0.194317, 0.213034, 
Wine 485, 0.218764, 0.196158, 0.193935, 0.187029, 0.204113, 
Wine 486, 0.209238, 0.189785, 0.198821, 0.193866, 0.20829, 
Wine 488, 0.202386, 0.19801, 0.193466, 0.204264, 0.201875, 
Wine 489, 0.189065, 0.192256, 0.200283, 0.211421, 0.206976, 
Wine 490, 0.212557, 0.195754, 0.200466, 0.195293, 0.19593, 
Wine 491, 0.212847, 0.196079, 0.192684, 0.19475, 0.20364, 
Wine 493, 0.19932, 0.20243, 0.201148, 0.205094, 0.192007, 
Wine 494, 0.195322, 0.191489, 0.199523, 0.194374, 0.219293, 
Wine 495, 0.201066, 0.204015, 0.194341, 0.19616, 0.204417, 
Wine 496, 0.199726, 0.206705, 0.199137, 0.198652, 0.195779, 
Wine 498, 0.208177, 0.195506, 0.200229, 0.192883, 0.203204, 
Wine 499, 0.216508, 0.20974, 0.195736, 0.186703, 0.191313, 
Wine 500, 0.207644, 0.191545, 0.208785, 0.193222, 0.198803, 
Wine 501, 0.204251, 0.189054, 0.190144, 0.200603, 0.215948, 
Wine 503, 0.196524, 0.199817, 0.202161, 0.201487, 0.200011, 
Wine 504, 0.196204, 0.206719, 0.200423, 0.204216, 0.192438, 
Wine 505, 0.193232, 0.192992, 0.206175, 0.207376, 0.200225, 
Wine 506, 0.189334, 0.203225, 0.200703, 0.206937, 0.199802, 
Wine 508, 0.198363, 0.201481, 0.202626, 0.199505, 0.198026, 
Wine 509, 0.213532, 0.215728, 0.194762, 0.189968, 0.18601, 
Wine 510, 0.196144, 0.192295, 0.207973, 0.204154, 0.199435, 
Wine 511, 0.201121, 0.208273, 0.195776, 0.197763, 0.197067, 
Wine 513, 0.209534, 0.196781, 0.199103, 0.190054, 0.204529, 
Wine 514, 0.203124, 0.198848, 0.199963, 0.195313, 0.202752, 
Wine 515, 0.206834, 0.213709, 0.189743, 0.191639, 0.198074, 
Wine 516, 0.199094, 0.199094, 0.201443, 0.201276, 0.199094, 
Wine 518, 0.198852, 0.201978, 0.200659, 0.199997, 0.198514, 
Wine 519, 0.204836, 0.200263, 0.193298, 0.193298, 0.208306, 
Wine 520, 0.210418, 0.208879, 0.19268, 0.190485, 0.197539, 
Wine 521, 0.197078, 0.208105, 0.200304, 0.197604, 0.196909, 
Wine 523, 0.200777, 0.216069, 0.196351, 0.193755, 0.193048, 
Wine 524, 0.203919, 0.211016, 0.194652, 0.194497, 0.195916, 
Wine 525, 0.21034, 0.20883, 0.190601, 0.192634, 0.197595, 
Wine 526, 0.203851, 0.203021, 0.196952, 0.196637, 0.199539, 
Wine 528, 0.204684, 0.196558, 0.195381, 0.195226, 0.208151, 
Wine 529, 0.204018, 0.203171, 0.194746, 0.194591, 0.203474, 
Wine 530, 0.20219, 0.197725, 0.195347, 0.195035, 0.209705, 
Wine 531, 0.197043, 0.200578, 0.201707, 0.203629, 0.197043, 
Wine 533, 0.203898, 0.203052, 0.196914, 0.196596, 0.199539, 
Wine 534, 0.199174, 0.206405, 0.200023, 0.195398, 0.199, 
Wine 535, 0.202607, 0.194245, 0.201411, 0.191639, 0.210098, 
Wine 536, 0.202206, 0.197788, 0.202566, 0.199468, 0.197972, 
Wine 538, 0.204913, 0.200041, 0.198774, 0.195944, 0.200328, 
Wine 539, 0.1961, 0.1961, 0.1961, 0.1961, 0.215601, 
Wine 540, 0.200809, 0.20399, 0.195531, 0.195376, 0.204294, 
Wine 541, 0.211173, 0.201502, 0.199001, 0.193833, 0.194492, 
Wine 543, 0.210276, 0.193815, 0.198471, 0.199912, 0.197526, 
Wine 544, 0.209176, 0.199597, 0.197119, 0.194126, 0.199983, 
Wine 545, 0.196967, 0.193064, 0.203689, 0.198147, 0.208134, 
Wine 546, 0.2139, 0.207849, 0.19188, 0.189705, 0.196666, 
Wine 548, 0.200724, 0.204174, 0.199192, 0.199028, 0.196882, 
Wine 549, 0.199578, 0.19583, 0.202845, 0.20234, 0.199407, 
Wine 550, 0.204807, 0.203941, 0.197707, 0.193162, 0.200382, 
Wine 551, 0.196169, 0.199625, 0.200757, 0.207281, 0.196169, 
Wine 553, 0.202734, 0.198552, 0.197346, 0.195084, 0.206283, 
Wine 554, 0.207443, 0.202338, 0.193865, 0.19371, 0.202645, 
Wine 555, 0.207601, 0.195683, 0.197965, 0.195683, 0.203067, 
Wine 556, 0.204333, 0.207392, 0.197249, 0.194792, 0.196234, 
Wine 558, 0.200146, 0.196101, 0.194943, 0.192734, 0.216076, 
Wine 559, 0.202998, 0.195266, 0.199887, 0.195266, 0.206583, 
Wine 560, 0.203475, 0.195725, 0.198007, 0.195725, 0.207069, 
Wine 561, 0.202424, 0.201614, 0.202785, 0.201944, 0.191233, 
Wine 563, 0.202834, 0.214028, 0.195969, 0.195656, 0.191515, 
Wine 564, 0.214771, 0.193596, 0.189197, 0.189053, 0.213383, 
Wine 565, 0.19684, 0.207753, 0.197697, 0.197378, 0.200332, 
Wine 566, 0.21018, 0.200989, 0.192812, 0.19474, 0.201278, 
Wine 568, 0.197681, 0.208567, 0.20193, 0.194476, 0.197346, 
Wine 569, 0.203605, 0.19906, 0.203886, 0.194197, 0.199252, 
Wine 570, 0.203488, 0.210569, 0.19424, 0.196201, 0.195502, 
Wine 571, 0.204365, 0.203516, 0.195077, 0.197046, 0.199996, 
Wine 573, 0.20631, 0.209165, 0.197537, 0.192791, 0.194198, 
Wine 574, 0.206186, 0.209039, 0.190631, 0.192675, 0.20147, 
Wine 575, 0.207304, 0.206124, 0.196147, 0.191664, 0.198762, 
Wine 576, 0.210299, 0.20474, 0.197156, 0.190377, 0.197428, 
Wine 578, 0.208139, 0.203133, 0.199399, 0.196746, 0.192583, 
Wine 579, 0.202602, 0.205837, 0.199544, 0.197059, 0.194957, 
Wine 580, 0.204333, 0.207392, 0.197249, 0.194792, 0.196234, 
Wine 581, 0.201529, 0.208542, 0.194626, 0.194312, 0.200991, 
Wine 583, 0.205263, 0.208337, 0.193592, 0.195679, 0.197128, 
Wine 584, 0.208148, 0.210774, 0.190948, 0.190799, 0.199332, 
Wine 585, 0.20038, 0.207505, 0.195055, 0.197034, 0.200027, 
Wine 586, 0.205911, 0.197413, 0.202182, 0.196898, 0.197597, 
Wine 588, 0.200105, 0.196019, 0.199483, 0.196812, 0.207581, 
Wine 589, 0.214171, 0.203795, 0.195128, 0.190295, 0.196611, 
Wine 590, 0.202397, 0.198223, 0.204202, 0.19686, 0.198318, 
Wine 591, 0.21195, 0.198785, 0.196359, 0.193929, 0.198977, 
Wine 593, 0.207223, 0.198583, 0.193933, 0.193781, 0.206479, 
Wine 594, 0.202653, 0.209645, 0.202973, 0.193385, 0.191344, 
Wine 595, 0.216663, 0.206045, 0.190359, 0.188215, 0.198718, 
Wine 596, 0.209092, 0.207879, 0.193167, 0.193167, 0.196695, 
Wine 598, 0.207092, 0.201747, 0.199185, 0.189831, 0.202145, 
Wine 599, 0.203488, 0.210569, 0.19424, 0.196201, 0.195502, 
Wine 600, 0.200712, 0.203892, 0.195436, 0.199596, 0.200364, 
Wine 601, 0.208104, 0.20692, 0.194622, 0.194467, 0.195886, 
Wine 603, 0.200206, 0.207262, 0.19723, 0.199092, 0.19621, 
Wine 604, 0.218226, 0.199657, 0.194951, 0.194335, 0.192831, 
Wine 605, 0.196478, 0.203687, 0.201128, 0.198608, 0.200099, 
Wine 606, 0.198081, 0.201666, 0.200405, 0.198081, 0.201766, 
Wine 608, 0.20396, 0.206993, 0.196974, 0.192472, 0.1996, 
Wine 609, 0.207317, 0.202273, 0.196159, 0.191676, 0.202575, 
Wine 610, 0.214316, 0.204281, 0.192253, 0.192102, 0.197049, 
Wine 611, 0.203595, 0.195277, 0.192995, 0.192693, 0.21544, 
Wine 613, 0.196618, 0.207518, 0.202258, 0.197154, 0.196452, 
Wine 614, 0.210626, 0.197677, 0.195299, 0.190861, 0.205537, 
Wine 615, 0.206848, 0.201874, 0.193582, 0.195527, 0.202169, 
Wine 616, 0.206863, 0.205433, 0.189936, 0.191825, 0.205943, 
Wine 618, 0.198523, 0.197988, 0.197907, 0.199642, 0.20594, 
Wine 619, 0.203248, 0.210261, 0.196369, 0.198215, 0.191906, 
Wine 620, 0.205055, 0.208125, 0.197945, 0.19548, 0.193395, 
Wine 621, 0.201969, 0.197461, 0.202247, 0.196893, 0.20143, 
Wine 623, 0.202271, 0.201431, 0.197674, 0.192925, 0.205698, 
Wine 624, 0.205568, 0.197326, 0.196127, 0.19597, 0.205009, 
Wine 625, 0.204343, 0.199538, 0.205758, 0.197673, 0.192687, 
Wine 626, 0.198364, 0.205235, 0.197809, 0.20411, 0.194482, 
Wine 628, 0.206317, 0.198126, 0.204077, 0.196784, 0.194696, 
Wine 629, 0.197126, 0.204217, 0.200352, 0.197651, 0.200654, 
Wine 630, 0.211734, 0.206138, 0.191677, 0.191677, 0.198775, 
Wine 631, 0.20045, 0.203626, 0.192958, 0.195027, 0.207939, 
Wine 633, 0.203626, 0.195542, 0.201416, 0.196334, 0.203083, 
Wine 634, 0.196688, 0.207592, 0.197544, 0.201654, 0.196522, 
Wine 635, 0.208485, 0.196031, 0.197138, 0.194683, 0.203663, 
Wine 636, 0.212643, 0.195668, 0.191177, 0.189035, 0.211476, 
Wine 638, 0.206493, 0.197883, 0.200211, 0.197341, 0.198071, 
Wine 639, 0.192446, 0.199319, 0.206697, 0.205639, 0.195898, 
Wine 640, 0.195201, 0.195201, 0.204607, 0.206258, 0.198734, 
Wine 641, 0.201617, 0.201074, 0.19408, 0.19408, 0.209149, 
Wine 643, 0.199265, 0.195277, 0.198708, 0.196081, 0.21067, 
Wine 644, 0.203017, 0.198485, 0.198404, 0.193637, 0.206457, 
Wine 645, 0.203229, 0.206251, 0.193993, 0.193839, 0.202687, 
Wine 646, 0.199496, 0.199224, 0.200346, 0.197835, 0.203099, 
Wine 648, 0.2048, 0.20395, 0.195492, 0.195337, 0.200422, 
Wine 649, 0.210633, 0.209121, 0.193054, 0.192902, 0.19429, 
Wine 650, 0.197049, 0.207801, 0.191982, 0.202757, 0.200411, 
Wine 651, 0.194268, 0.197691, 0.203629, 0.202949, 0.201463, 
Wine 653, 0.198707, 0.202093, 0.201964, 0.19494, 0.202296, 
Wine 654, 0.209752, 0.197345, 0.200832, 0.198143, 0.193928, 
Wine 655, 0.200762, 0.196956, 0.196956, 0.196956, 0.208371, 
Wine 656, 0.203111, 0.202543, 0.199998, 0.195374, 0.198975, 
Wine 658, 0.205308, 0.207646, 0.193782, 0.193005, 0.200258, 
Wine 659, 0.204804, 0.20787, 0.195398, 0.195241, 0.196687, 
Wine 660, 0.208675, 0.203539, 0.195017, 0.192782, 0.199988, 
Wine 661, 0.211281, 0.201841, 0.193471, 0.191266, 0.202142, 
Wine 663, 0.200598, 0.196502, 0.195325, 0.199483, 0.208092, 
Wine 664, 0.203825, 0.195734, 0.194562, 0.194407, 0.211472, 
Wine 665, 0.202889, 0.202062, 0.200743, 0.195709, 0.198597, 
Wine 666, 0.204843, 0.20426, 0.196966, 0.196966, 0.196966, 
Wine 668, 0.200457, 0.199655, 0.205885, 0.197743, 0.19626, 
Wine 669, 0.206078, 0.194122, 0.197533, 0.192843, 0.209424, 
Wine 670, 0.197253, 0.204349, 0.198103, 0.195636, 0.204659, 
Wine 671, 0.198352, 0.205488, 0.196883, 0.201096, 0.198182, 
Wine 673, 0.200206, 0.207262, 0.19723, 0.199092, 0.19621, 
Wine 674, 0.202087, 0.197671, 0.197632, 0.197156, 0.205454, 
Wine 675, 0.203845, 0.196006, 0.200672, 0.196006, 0.203472, 
Wine 676, 0.213374, 0.203493, 0.191623, 0.191474, 0.200036, 
Wine 678, 0.206076, 0.205204, 0.194358, 0.196454, 0.197908, 
Wine 679, 0.206153, 0.20145, 0.194319, 0.196426, 0.201652, 
Wine 680, 0.204804, 0.20787, 0.195398, 0.195241, 0.196687, 
Wine 681, 0.209005, 0.199767, 0.193796, 0.189392, 0.20804, 
Wine 683, 0.206836, 0.205681, 0.19357, 0.195515, 0.198399, 
Wine 684, 0.21016, 0.208651, 0.194866, 0.192469, 0.193854, 
Wine 685, 0.21681, 0.198169, 0.195764, 0.190712, 0.198545, 
Wine 686, 0.206907, 0.20545, 0.19201, 0.189662, 0.20597, 
Wine 688, 0.209142, 0.203995, 0.193213, 0.193213, 0.200436, 
Wine 689, 0.199529, 0.191835, 0.204939, 0.196887, 0.20681, 
Wine 690, 0.202404, 0.202118, 0.198493, 0.198493, 0.198493, 
Wine 691, 0.209142, 0.203995, 0.193213, 0.193213, 0.200436, 
Wine 693, 0.208263, 0.195713, 0.193425, 0.191074, 0.211525, 
Wine 694, 0.209048, 0.203963, 0.193277, 0.193277, 0.200435, 
Wine 695, 0.204804, 0.20787, 0.195398, 0.195241, 0.196687, 
Wine 696, 0.207246, 0.198604, 0.191756, 0.191756, 0.210638, 
Wine 698, 0.209153, 0.200341, 0.200259, 0.193374, 0.196873, 
Wine 699, 0.207112, 0.202131, 0.198416, 0.193677, 0.198664, 
Wine 700, 0.211873, 0.195344, 0.191991, 0.194038, 0.206754, 
Wine 701, 0.200597, 0.207667, 0.199974, 0.195169, 0.196593, 
Wine 703, 0.214266, 0.193748, 0.192636, 0.190478, 0.208872, 
Wine 704, 0.198928, 0.209983, 0.19831, 0.197822, 0.194958, 
Wine 705, 0.198876, 0.202237, 0.197404, 0.195141, 0.206343, 
Wine 706, 0.202479, 0.194839, 0.201818, 0.194839, 0.206024, 
Wine 708, 0.191506, 0.214017, 0.200678, 0.202293, 0.191506, 
Wine 709, 0.203026, 0.210091, 0.196071, 0.195755, 0.195058, 
Wine 710, 0.200055, 0.199783, 0.196262, 0.196262, 0.207638, 
Wine 711, 0.204982, 0.200356, 0.200251, 0.197552, 0.196858, 
Wine 713, 0.20038, 0.207505, 0.195055, 0.197034, 0.200027, 
Wine 714, 0.209943, 0.208408, 0.194501, 0.190055, 0.197094, 
Wine 715, 0.217299, 0.192086, 0.206682, 0.19168, 0.192253, 
Wine 716, 0.202321, 0.205072, 0.201191, 0.193574, 0.197843, 
Wine 718, 0.208172, 0.19931, 0.196842, 0.192318, 0.203357, 
Wine 719, 0.205891, 0.197636, 0.198753, 0.196278, 0.201443, 
Wine 720, 0.206575, 0.205685, 0.194717, 0.194717, 0.198306, 
Wine 721, 0.200971, 0.20418, 0.200315, 0.197615, 0.19692, 
Wine 723, 0.206121, 0.201418, 0.196554, 0.194288, 0.201619, 
Wine 724, 0.209201, 0.204112, 0.195647, 0.197622, 0.193418, 
Wine 725, 0.212289, 0.206678, 0.196674, 0.192179, 0.192179, 
Wine 726, 0.205337, 0.204452, 0.195807, 0.19355, 0.200853, 
Wine 728, 0.202612, 0.201787, 0.198077, 0.195442, 0.202082, 
Wine 729, 0.204894, 0.19346, 0.195677, 0.19346, 0.212509, 
Wine 730, 0.208804, 0.19977, 0.193928, 0.193625, 0.203873, 
Wine 731, 0.201534, 0.200981, 0.198493, 0.19393, 0.205062, 
Wine 733, 0.203669, 0.202823, 0.201458, 0.196375, 0.195675, 
Wine 734, 0.196597, 0.207597, 0.202257, 0.197121, 0.196428, 
Wine 735, 0.198488, 0.198488, 0.198488, 0.198488, 0.206049, 
Wine 736, 0.204133, 0.195792, 0.202992, 0.197469, 0.199614, 
Wine 738, 0.205231, 0.208304, 0.195806, 0.193562, 0.197097, 
Wine 739, 0.203271, 0.202197, 0.197362, 0.194589, 0.202581, 
Wine 740, 0.198167, 0.201516, 0.201411, 0.200909, 0.197997, 
Wine 741, 0.205529, 0.208606, 0.19609, 0.195932, 0.193842, 
Wine 743, 0.21016, 0.208651, 0.194866, 0.192469, 0.193854, 
Wine 744, 0.198607, 0.201963, 0.201857, 0.199137, 0.198436, 
Wine 745, 0.209335, 0.200181, 0.194263, 0.191887, 0.204334, 
Wine 746, 0.216914, 0.202332, 0.19403, 0.191341, 0.195383, 
Wine 748, 0.197308, 0.208173, 0.199102, 0.198444, 0.196973, 
Wine 749, 0.203588, 0.203019, 0.198117, 0.195833, 0.199443, 
Wine 750, 0.204475, 0.207536, 0.195084, 0.192848, 0.200057, 
Wine 751, 0.191672, 0.205865, 0.208383, 0.202408, 0.191672, 
Wine 753, 0.214024, 0.196768, 0.194435, 0.194128, 0.200646, 
Wine 754, 0.209114, 0.203653, 0.191662, 0.191511, 0.204061, 
Wine 755, 0.200762, 0.196956, 0.196956, 0.196956, 0.208371, 
Wine 756, 0.197316, 0.204151, 0.201559, 0.196291, 0.200683, 
Wine 758, 0.207941, 0.19927, 0.194605, 0.198725, 0.199459, 
Wine 759, 0.204314, 0.192912, 0.199741, 0.199254, 0.203779, 
Wine 760, 0.204247, 0.196138, 0.194964, 0.192742, 0.211909, 
Wine 761, 0.200208, 0.199659, 0.199554, 0.196865, 0.203713, 
Wine 763, 0.198805, 0.202436, 0.20115, 0.198805, 0.198805, 
Wine 764, 0.196672, 0.196672, 0.203759, 0.198804, 0.204093, 
Wine 765, 0.201922, 0.201357, 0.198827, 0.196335, 0.201559, 
Wine 766, 0.202182, 0.194553, 0.196809, 0.19665, 0.209806, 
Wine 768, 0.199122, 0.195383, 0.202381, 0.204163, 0.198951, 
Wine 769, 0.199456, 0.202616, 0.198837, 0.196174, 0.202918, 
Wine 770, 0.209379, 0.200125, 0.196446, 0.18973, 0.20432, 
Wine 771, 0.212185, 0.20236, 0.19979, 0.190407, 0.195259, 
Wine 773, 0.197024, 0.197024, 0.201687, 0.203609, 0.200656, 
Wine 774, 0.195195, 0.202292, 0.199787, 0.203966, 0.19876, 
Wine 775, 0.199355, 0.202752, 0.200205, 0.202113, 0.195576, 
Wine 776, 0.20898, 0.203523, 0.196072, 0.191389, 0.200036, 
Wine 778, 0.209776, 0.197245, 0.196046, 0.195889, 0.201044, 
Wine 779, 0.208675, 0.203539, 0.195017, 0.192782, 0.199988, 
Wine 780, 0.203891, 0.203321, 0.198412, 0.198251, 0.196125, 
Wine 781, 0.20215, 0.205156, 0.199956, 0.19491, 0.197828, 
Wine 783, 0.198603, 0.201988, 0.201859, 0.19912, 0.19843, 
Wine 784, 0.193778, 0.193778, 0.208127, 0.207062, 0.197254, 
Wine 785, 0.20558, 0.20094, 0.198452, 0.19389, 0.201138, 
Wine 786, 0.207595, 0.202603, 0.196546, 0.194128, 0.199128, 
Wine 788, 0.205237, 0.193567, 0.202951, 0.193567, 0.204679, 
Wine 789, 0.207656, 0.199247, 0.198018, 0.195736, 0.199344, 
Wine 790, 0.204371, 0.203789, 0.198817, 0.196512, 0.196512, 
Wine 791, 0.2039, 0.199607, 0.200727, 0.196059, 0.199706, 
Wine 793, 0.197185, 0.197185, 0.199485, 0.201519, 0.204626, 
Wine 794, 0.20763, 0.206449, 0.196456, 0.194024, 0.19544, 
Wine 795, 0.206757, 0.201727, 0.197965, 0.195314, 0.198238, 
Wine 796, 0.20125, 0.197435, 0.202107, 0.201774, 0.197435, 
Wine 798, 0.198603, 0.201988, 0.201859, 0.19912, 0.19843, 
Wine 799, 0.194839, 0.201989, 0.20186, 0.199121, 0.202191, 
Wine 800, 0.204857, 0.200544, 0.196978, 0.196978, 0.200643, 
Wine 801, 0.203794, 0.210728, 0.195236, 0.194761, 0.195481, 
Wine 803, 0.200984, 0.200432, 0.200327, 0.197627, 0.200629, 
Wine 804, 0.215922, 0.20949, 0.192152, 0.187834, 0.194602, 
Wine 805, 0.198296, 0.201647, 0.201541, 0.19667, 0.201845, 
Wine 806, 0.199083, 0.202476, 0.199931, 0.199601, 0.198909, 
Wine 808, 0.205912, 0.201265, 0.198773, 0.196298, 0.197751, 
Wine 809, 0.209489, 0.196738, 0.199059, 0.194099, 0.200616, 
Wine 810, 0.204119, 0.196016, 0.19948, 0.196809, 0.203575, 
Wine 811, 0.200261, 0.199983, 0.201105, 0.198569, 0.200082, 
Wine 813, 0.204843, 0.20426, 0.196966, 0.196966, 0.196966, 
Wine 814, 0.195842, 0.203028, 0.202899, 0.202388, 0.195842, 
Wine 815, 0.203111, 0.202543, 0.199998, 0.195374, 0.198975, 
Wine 816, 0.199332, 0.199061, 0.202599, 0.199851, 0.199158, 
Wine 818, 0.199578, 0.19583, 0.202845, 0.20234, 0.199407, 
Wine 819, 0.201428, 0.201149, 0.202277, 0.197573, 0.197573, 
Wine 820, 0.198147, 0.197882, 0.20139, 0.200888, 0.201693, 
Wine 821, 0.206121, 0.201418, 0.196554, 0.194288, 0.201619, 
Wine 823, 0.194874, 0.202025, 0.199486, 0.201388, 0.202227, 
Wine 824, 0.199332, 0.199061, 0.202599, 0.199851, 0.199158, 
Wine 825, 0.194532, 0.197959, 0.203905, 0.205551, 0.198052, 
Wine 826, 0.198396, 0.198131, 0.204107, 0.201141, 0.198226, 
