Wine 0, 0.199206, 0.211923, 0.20117, 0.185432, 0.202269, 
Wine 1, 0.208472, 0.202755, 0.197146, 0.184471, 0.207155, 
Wine 2, 0.214568, 0.204687, 0.188624, 0.186229, 0.205893, 
Wine 3, 0.215458, 0.208154, 0.192188, 0.182334, 0.201866, 
Wine 5, 0.207295, 0.208981, 0.196801, 0.186579, 0.200344, 
Wine 6, 0.198119, 0.203791, 0.195978, 0.208463, 0.19365, 
Wine 7, 0.213537, 0.1974, 0.1931, 0.190846, 0.205117, 
Wine 8, 0.199528, 0.212165, 0.195892, 0.183378, 0.209036, 
Wine 10, 0.19716, 0.202805, 0.203343, 0.195455, 0.201237, 
Wine 11, 0.198282, 0.206999, 0.200282, 0.190013, 0.204424, 
Wine 12, 0.190927, 0.213743, 0.200768, 0.193043, 0.201519, 
Wine 13, 0.191195, 0.218537, 0.201761, 0.178411, 0.210096, 
Wine 15, 0.197665, 0.203325, 0.200991, 0.193207, 0.204812, 
Wine 16, 0.193571, 0.213333, 0.199616, 0.186665, 0.206815, 
Wine 17, 0.204144, 0.205536, 0.201632, 0.185787, 0.2029, 
Wine 18, 0.18556, 0.211048, 0.203482, 0.18507, 0.21484, 
Wine 20, 0.198534, 0.194374, 0.19574, 0.215054, 0.196298, 
Wine 21, 0.190596, 0.199494, 0.200896, 0.207529, 0.201485, 
Wine 22, 0.195387, 0.204254, 0.201463, 0.196522, 0.202374, 
Wine 23, 0.195373, 0.204239, 0.198648, 0.199381, 0.202359, 
Wine 25, 0.208866, 0.199543, 0.196894, 0.184363, 0.210334, 
Wine 26, 0.203175, 0.208694, 0.196529, 0.191533, 0.200068, 
Wine 27, 0.208206, 0.19924, 0.202669, 0.192142, 0.197744, 
Wine 28, 0.212193, 0.213047, 0.190714, 0.181059, 0.202987, 
Wine 30, 0.193583, 0.202368, 0.208527, 0.191958, 0.203565, 
Wine 31, 0.192125, 0.191386, 0.203633, 0.204845, 0.20801, 
Wine 32, 0.208111, 0.203104, 0.193205, 0.190704, 0.204877, 
Wine 33, 0.207701, 0.199426, 0.19807, 0.190328, 0.204474, 
Wine 35, 0.207961, 0.193371, 0.190083, 0.201231, 0.207354, 
Wine 36, 0.194744, 0.214656, 0.197359, 0.182183, 0.211059, 
Wine 37, 0.1969, 0.205903, 0.200207, 0.189875, 0.207116, 
Wine 38, 0.199356, 0.198243, 0.196509, 0.202946, 0.202946, 
Wine 40, 0.195583, 0.211824, 0.201076, 0.182865, 0.208652, 
Wine 41, 0.197241, 0.209636, 0.205128, 0.181405, 0.206591, 
Wine 42, 0.191289, 0.196961, 0.195695, 0.211212, 0.204843, 
Wine 43, 0.201369, 0.20301, 0.202666, 0.19214, 0.200815, 
Wine 45, 0.198638, 0.211412, 0.195716, 0.185616, 0.208618, 
Wine 46, 0.196408, 0.212686, 0.201273, 0.180511, 0.209122, 
Wine 47, 0.200847, 0.213475, 0.19643, 0.188954, 0.200294, 
Wine 48, 0.200977, 0.196766, 0.192972, 0.207686, 0.201599, 
Wine 50, 0.203449, 0.195572, 0.199687, 0.194715, 0.206578, 
Wine 51, 0.192934, 0.195397, 0.202263, 0.203165, 0.206242, 
Wine 52, 0.185698, 0.200464, 0.21286, 0.193009, 0.207969, 
Wine 53, 0.200896, 0.197165, 0.202149, 0.205646, 0.194144, 
Wine 55, 0.192316, 0.201042, 0.201615, 0.202514, 0.202514, 
Wine 56, 0.211645, 0.202, 0.19924, 0.18392, 0.203195, 
Wine 57, 0.21057, 0.200873, 0.198089, 0.185237, 0.205232, 
Wine 58, 0.207515, 0.195054, 0.207319, 0.196481, 0.193631, 
Wine 60, 0.197426, 0.206246, 0.197319, 0.198037, 0.200973, 
Wine 61, 0.189577, 0.198173, 0.220724, 0.19988, 0.191646, 
Wine 62, 0.194812, 0.207045, 0.203171, 0.187309, 0.207664, 
Wine 63, 0.199233, 0.204741, 0.199077, 0.194121, 0.202828, 
Wine 65, 0.195377, 0.200818, 0.19597, 0.199354, 0.208482, 
Wine 66, 0.189458, 0.198055, 0.207434, 0.202526, 0.202526, 
Wine 67, 0.195844, 0.201153, 0.201297, 0.199355, 0.202351, 
Wine 68, 0.195108, 0.19458, 0.199019, 0.208752, 0.202542, 
Wine 70, 0.192271, 0.207821, 0.209213, 0.179416, 0.211278, 
Wine 71, 0.190559, 0.217259, 0.199222, 0.186428, 0.206532, 
Wine 72, 0.20679, 0.201555, 0.193896, 0.191607, 0.206152, 
Wine 73, 0.183409, 0.212349, 0.213269, 0.182448, 0.208525, 
Wine 75, 0.198265, 0.207324, 0.200917, 0.185268, 0.208226, 
Wine 76, 0.214888, 0.19259, 0.191792, 0.200365, 0.200365, 
Wine 77, 0.197009, 0.205949, 0.194941, 0.20105, 0.20105, 
Wine 78, 0.20173, 0.200585, 0.198806, 0.202326, 0.196553, 
Wine 80, 0.192074, 0.194081, 0.209265, 0.190006, 0.214574, 
Wine 81, 0.199477, 0.19263, 0.205706, 0.209827, 0.19236, 
Wine 82, 0.189742, 0.19841, 0.199399, 0.209358, 0.203091, 
Wine 83, 0.184167, 0.213278, 0.208073, 0.181255, 0.213227, 
Wine 85, 0.207396, 0.205146, 0.198807, 0.185825, 0.202826, 
Wine 86, 0.186786, 0.212664, 0.208024, 0.186285, 0.20624, 
Wine 87, 0.200264, 0.205876, 0.202938, 0.187028, 0.203894, 
Wine 88, 0.191668, 0.19722, 0.206875, 0.19606, 0.208176, 
Wine 90, 0.195254, 0.194996, 0.19714, 0.212404, 0.200206, 
Wine 91, 0.18727, 0.213441, 0.205608, 0.18676, 0.20692, 
Wine 92, 0.195036, 0.204022, 0.198946, 0.202468, 0.199528, 
Wine 93, 0.210336, 0.204251, 0.192765, 0.190604, 0.202043, 
Wine 95, 0.192425, 0.201352, 0.202342, 0.194556, 0.209325, 
Wine 96, 0.194037, 0.19653, 0.200646, 0.204394, 0.204394, 
Wine 97, 0.192985, 0.202008, 0.197479, 0.203764, 0.203764, 
Wine 98, 0.201626, 0.197072, 0.20366, 0.201696, 0.195946, 
Wine 100, 0.198012, 0.210462, 0.202253, 0.178862, 0.210411, 
Wine 101, 0.195625, 0.208193, 0.20176, 0.188584, 0.205838, 
Wine 102, 0.190769, 0.210186, 0.203618, 0.187654, 0.207772, 
Wine 103, 0.197432, 0.196888, 0.198677, 0.205, 0.202003, 
Wine 105, 0.193161, 0.198931, 0.203116, 0.200916, 0.203876, 
Wine 106, 0.194554, 0.210577, 0.20294, 0.184457, 0.207472, 
Wine 107, 0.201189, 0.206584, 0.203173, 0.184772, 0.204282, 
Wine 108, 0.189503, 0.212344, 0.202182, 0.186434, 0.209537, 
Wine 110, 0.190466, 0.209718, 0.202679, 0.186822, 0.210315, 
Wine 111, 0.193515, 0.205468, 0.196741, 0.209624, 0.194652, 
Wine 112, 0.198368, 0.207217, 0.20034, 0.192655, 0.201419, 
Wine 113, 0.19964, 0.212385, 0.198729, 0.18335, 0.205896, 
Wine 115, 0.20002, 0.209009, 0.199108, 0.188767, 0.203096, 
Wine 116, 0.196081, 0.194766, 0.210004, 0.190677, 0.208472, 
Wine 117, 0.188678, 0.215196, 0.206701, 0.187644, 0.201782, 
Wine 118, 0.203042, 0.204696, 0.19575, 0.190906, 0.205607, 
Wine 120, 0.194579, 0.200214, 0.201206, 0.204964, 0.199037, 
Wine 121, 0.194551, 0.203864, 0.201949, 0.193988, 0.205648, 
Wine 122, 0.201813, 0.200932, 0.194281, 0.200013, 0.202961, 
Wine 123, 0.196483, 0.209018, 0.202002, 0.186198, 0.206298, 
Wine 125, 0.191746, 0.207595, 0.204117, 0.188043, 0.208499, 
Wine 126, 0.191548, 0.206971, 0.203153, 0.187395, 0.210933, 
Wine 127, 0.195267, 0.203852, 0.209283, 0.187124, 0.204474, 
Wine 128, 0.188975, 0.200709, 0.216616, 0.188482, 0.205217, 
Wine 130, 0.195229, 0.197277, 0.197862, 0.207947, 0.201685, 
Wine 131, 0.209053, 0.206188, 0.196044, 0.188618, 0.200098, 
Wine 132, 0.196117, 0.205153, 0.197357, 0.20359, 0.197782, 
Wine 133, 0.200443, 0.202587, 0.19482, 0.198081, 0.204069, 
Wine 135, 0.19716, 0.202805, 0.203343, 0.195455, 0.201237, 
Wine 136, 0.206778, 0.207909, 0.194793, 0.182317, 0.208202, 
Wine 137, 0.210137, 0.201248, 0.196647, 0.188961, 0.203006, 
Wine 138, 0.201763, 0.210676, 0.194517, 0.182091, 0.210952, 
Wine 140, 0.206116, 0.203953, 0.200634, 0.187582, 0.201715, 
Wine 141, 0.200169, 0.205503, 0.205127, 0.189008, 0.200193, 
Wine 142, 0.205049, 0.217741, 0.192434, 0.175445, 0.20933, 
Wine 143, 0.201831, 0.197518, 0.201674, 0.199489, 0.199489, 
Wine 145, 0.195732, 0.195193, 0.205363, 0.197396, 0.206317, 
Wine 146, 0.191955, 0.203722, 0.197825, 0.198672, 0.207826, 
Wine 147, 0.201201, 0.200337, 0.193758, 0.202352, 0.202352, 
Wine 148, 0.213006, 0.199259, 0.198996, 0.191541, 0.197197, 
Wine 150, 0.198815, 0.197988, 0.194102, 0.20913, 0.199964, 
Wine 151, 0.19399, 0.203277, 0.204248, 0.193429, 0.205056, 
Wine 152, 0.194025, 0.206294, 0.205917, 0.189735, 0.20403, 
Wine 153, 0.191479, 0.207049, 0.206671, 0.193101, 0.201699, 
Wine 155, 0.197081, 0.213281, 0.201957, 0.181258, 0.206423, 
Wine 156, 0.191117, 0.214333, 0.202831, 0.184358, 0.207361, 
Wine 157, 0.187757, 0.20642, 0.208695, 0.186743, 0.210385, 
Wine 158, 0.199899, 0.205746, 0.20041, 0.189864, 0.204081, 
Wine 160, 0.187979, 0.214022, 0.200392, 0.190051, 0.207557, 
Wine 161, 0.190162, 0.213082, 0.205846, 0.187082, 0.203828, 
Wine 162, 0.198955, 0.198128, 0.202297, 0.206108, 0.194512, 
Wine 163, 0.204507, 0.209565, 0.196345, 0.186278, 0.203305, 
Wine 165, 0.197294, 0.199891, 0.201296, 0.193413, 0.208107, 
Wine 166, 0.19502, 0.204074, 0.201732, 0.196678, 0.202496, 
Wine 167, 0.205223, 0.206617, 0.202635, 0.181597, 0.203928, 
Wine 168, 0.200685, 0.203106, 0.204077, 0.193267, 0.198867, 
Wine 170, 0.188616, 0.214747, 0.203963, 0.190695, 0.201979, 
Wine 171, 0.209972, 0.200838, 0.198565, 0.188318, 0.202307, 
Wine 172, 0.198853, 0.207789, 0.203784, 0.187664, 0.20191, 
Wine 173, 0.19298, 0.205182, 0.204807, 0.1941, 0.202931, 
Wine 175, 0.195453, 0.203985, 0.203213, 0.192726, 0.204622, 
Wine 176, 0.19743, 0.200014, 0.201419, 0.199111, 0.202025, 
Wine 177, 0.204003, 0.209294, 0.19938, 0.18395, 0.203373, 
Wine 178, 0.194648, 0.21039, 0.202376, 0.191932, 0.200654, 
Wine 180, 0.190512, 0.209536, 0.210478, 0.180258, 0.209216, 
Wine 181, 0.191501, 0.207359, 0.207404, 0.188374, 0.205362, 
Wine 182, 0.191387, 0.203933, 0.204908, 0.194054, 0.205718, 
Wine 183, 0.204827, 0.200267, 0.198885, 0.193724, 0.202297, 
Wine 185, 0.197536, 0.206707, 0.203757, 0.190364, 0.201636, 
Wine 186, 0.200566, 0.202719, 0.203243, 0.195307, 0.198165, 
Wine 187, 0.19158, 0.207445, 0.204484, 0.191043, 0.205448, 
Wine 188, 0.213152, 0.200102, 0.195173, 0.192974, 0.198599, 
Wine 190, 0.197604, 0.210211, 0.19745, 0.187261, 0.207474, 
Wine 191, 0.193454, 0.199233, 0.200633, 0.213753, 0.192927, 
Wine 192, 0.193515, 0.209322, 0.204821, 0.186061, 0.206281, 
Wine 193, 0.192892, 0.208491, 0.206662, 0.179995, 0.21196, 
Wine 195, 0.191016, 0.213912, 0.202059, 0.186316, 0.206697, 
Wine 196, 0.190413, 0.20966, 0.208725, 0.184271, 0.206931, 
Wine 197, 0.187287, 0.209584, 0.206072, 0.189844, 0.207213, 
Wine 198, 0.191204, 0.203556, 0.204082, 0.196113, 0.205044, 
Wine 200, 0.192278, 0.211713, 0.201685, 0.188599, 0.205724, 
Wine 201, 0.202162, 0.204341, 0.196363, 0.1913, 0.205834, 
Wine 202, 0.192812, 0.208883, 0.20533, 0.186491, 0.206484, 
Wine 203, 0.199565, 0.216105, 0.193259, 0.188437, 0.202634, 
Wine 205, 0.188062, 0.210345, 0.21265, 0.187557, 0.201386, 
Wine 206, 0.193745, 0.209731, 0.202691, 0.186833, 0.207001, 
Wine 207, 0.196181, 0.20522, 0.202333, 0.186573, 0.209693, 
Wine 208, 0.191552, 0.200495, 0.196559, 0.211778, 0.199616, 
Wine 210, 0.215034, 0.201236, 0.19306, 0.188244, 0.202426, 
Wine 211, 0.203659, 0.208432, 0.197707, 0.185058, 0.205145, 
Wine 212, 0.208946, 0.196984, 0.204064, 0.188065, 0.20194, 
Wine 213, 0.200083, 0.202484, 0.203459, 0.192753, 0.201221, 
Wine 215, 0.195625, 0.208193, 0.20176, 0.188584, 0.205838, 
Wine 216, 0.197865, 0.214264, 0.196998, 0.186832, 0.204041, 
Wine 217, 0.194783, 0.207111, 0.203178, 0.187212, 0.207715, 
Wine 218, 0.188859, 0.190801, 0.199496, 0.213794, 0.20705, 
Wine 220, 0.198813, 0.194647, 0.198705, 0.20545, 0.202385, 
Wine 221, 0.198407, 0.20102, 0.194365, 0.2001, 0.206108, 
Wine 222, 0.201766, 0.200603, 0.204466, 0.193776, 0.199389, 
Wine 223, 0.192578, 0.208367, 0.204926, 0.194213, 0.199916, 
Wine 225, 0.190602, 0.209764, 0.207873, 0.178503, 0.213258, 
Wine 226, 0.193607, 0.209714, 0.205612, 0.184125, 0.206942, 
Wine 227, 0.203253, 0.192556, 0.194288, 0.209573, 0.20033, 
Wine 228, 0.20999, 0.203844, 0.192278, 0.182482, 0.211406, 
Wine 230, 0.192591, 0.201138, 0.198505, 0.205425, 0.202341, 
Wine 231, 0.1951, 0.197622, 0.20178, 0.208743, 0.196756, 
Wine 232, 0.207683, 0.196461, 0.195613, 0.198678, 0.201565, 
Wine 233, 0.195743, 0.211998, 0.201241, 0.185497, 0.20552, 
Wine 235, 0.202581, 0.204495, 0.198777, 0.188453, 0.205695, 
Wine 236, 0.184203, 0.213374, 0.205543, 0.186701, 0.210178, 
Wine 237, 0.215911, 0.195963, 0.200105, 0.187157, 0.200864, 
Wine 238, 0.19897, 0.204508, 0.201631, 0.185926, 0.208966, 
Wine 240, 0.210699, 0.200996, 0.19821, 0.187915, 0.20218, 
Wine 241, 0.189459, 0.208715, 0.205692, 0.189459, 0.206675, 
Wine 242, 0.185279, 0.214825, 0.206345, 0.182326, 0.211225, 
Wine 243, 0.199856, 0.204979, 0.204136, 0.185439, 0.205591, 
Wine 245, 0.20346, 0.201934, 0.202456, 0.191802, 0.200349, 
Wine 246, 0.191842, 0.204153, 0.207263, 0.188138, 0.208604, 
Wine 247, 0.188195, 0.203254, 0.205933, 0.195237, 0.207381, 
Wine 248, 0.197231, 0.209723, 0.205147, 0.181268, 0.20663, 
Wine 250, 0.198652, 0.197277, 0.200656, 0.201708, 0.201708, 
Wine 251, 0.192893, 0.198571, 0.192254, 0.212835, 0.203448, 
Wine 252, 0.192273, 0.208166, 0.207728, 0.186021, 0.205812, 
Wine 253, 0.195246, 0.207979, 0.202037, 0.188792, 0.205946, 
Wine 255, 0.196769, 0.19936, 0.206566, 0.192898, 0.204406, 
Wine 256, 0.198847, 0.208298, 0.200091, 0.192219, 0.200545, 
Wine 257, 0.188371, 0.211075, 0.206947, 0.185321, 0.208286, 
Wine 258, 0.189258, 0.211962, 0.204274, 0.18567, 0.208836, 
Wine 260, 0.197946, 0.200569, 0.204867, 0.194015, 0.202602, 
Wine 261, 0.207875, 0.199937, 0.196361, 0.196505, 0.199322, 
Wine 262, 0.199898, 0.202036, 0.202572, 0.191982, 0.203513, 
Wine 263, 0.191357, 0.203443, 0.209635, 0.187728, 0.207838, 
Wine 265, 0.211725, 0.202177, 0.199454, 0.189227, 0.197416, 
Wine 266, 0.216472, 0.19965, 0.192581, 0.192856, 0.198441, 
Wine 267, 0.200992, 0.203367, 0.191229, 0.205132, 0.19928, 
Wine 268, 0.210629, 0.201466, 0.196453, 0.191521, 0.199931, 
Wine 270, 0.210673, 0.20185, 0.194642, 0.192226, 0.20061, 
Wine 271, 0.199033, 0.204337, 0.203964, 0.190572, 0.202095, 
Wine 272, 0.202162, 0.204341, 0.196363, 0.1913, 0.205834, 
Wine 273, 0.200874, 0.199438, 0.202871, 0.189673, 0.207144, 
Wine 275, 0.21386, 0.19793, 0.19401, 0.194286, 0.199913, 
Wine 276, 0.213203, 0.200883, 0.194233, 0.191718, 0.199963, 
Wine 277, 0.209119, 0.194946, 0.197537, 0.203452, 0.194946, 
Wine 278, 0.204752, 0.203814, 0.194298, 0.194298, 0.202838, 
Wine 280, 0.196832, 0.20633, 0.201518, 0.196254, 0.199067, 
Wine 281, 0.206762, 0.208723, 0.194519, 0.189467, 0.200529, 
Wine 282, 0.189694, 0.215975, 0.19941, 0.191786, 0.203135, 
Wine 283, 0.201825, 0.197468, 0.198856, 0.202406, 0.199446, 
Wine 285, 0.206139, 0.208095, 0.193934, 0.188897, 0.202936, 
Wine 286, 0.206482, 0.198256, 0.199648, 0.189211, 0.206403, 
Wine 287, 0.203625, 0.202707, 0.195886, 0.19603, 0.201751, 
Wine 288, 0.209589, 0.201158, 0.194444, 0.194585, 0.200223, 
Wine 290, 0.196958, 0.203022, 0.204448, 0.196389, 0.199184, 
Wine 291, 0.203598, 0.202365, 0.203333, 0.192562, 0.198142, 
Wine 292, 0.197902, 0.21072, 0.201237, 0.188131, 0.20201, 
Wine 293, 0.19409, 0.203308, 0.204288, 0.202041, 0.196273, 
Wine 295, 0.217093, 0.199664, 0.197405, 0.184713, 0.201125, 
Wine 296, 0.196198, 0.202006, 0.200162, 0.197869, 0.203766, 
Wine 297, 0.190273, 0.206057, 0.203622, 0.195633, 0.204415, 
Wine 298, 0.198834, 0.204527, 0.196685, 0.199977, 0.199977, 
Wine 300, 0.189751, 0.216337, 0.198376, 0.183154, 0.212382, 
Wine 301, 0.208636, 0.20298, 0.194733, 0.192539, 0.201112, 
Wine 302, 0.209939, 0.19792, 0.193964, 0.188959, 0.209217, 
Wine 303, 0.211187, 0.202, 0.194324, 0.192029, 0.200461, 
Wine 305, 0.204407, 0.202873, 0.197721, 0.187451, 0.207547, 
Wine 306, 0.200695, 0.203103, 0.201223, 0.198904, 0.196075, 
Wine 307, 0.212583, 0.199807, 0.195283, 0.1877, 0.204627, 
Wine 308, 0.212663, 0.199883, 0.198058, 0.187771, 0.201624, 
Wine 310, 0.216434, 0.196618, 0.195337, 0.19303, 0.19858, 
Wine 311, 0.197151, 0.199493, 0.200468, 0.195445, 0.207444, 
Wine 312, 0.195673, 0.208057, 0.201153, 0.183052, 0.212066, 
Wine 313, 0.208399, 0.197038, 0.198833, 0.196458, 0.199273, 
Wine 315, 0.200265, 0.199687, 0.198786, 0.204975, 0.196288, 
Wine 316, 0.195306, 0.201273, 0.205567, 0.200352, 0.197502, 
Wine 317, 0.194891, 0.207498, 0.201634, 0.19655, 0.199427, 
Wine 318, 0.214865, 0.19886, 0.189924, 0.192517, 0.203833, 
Wine 320, 0.210866, 0.204298, 0.197594, 0.182334, 0.204908, 
Wine 321, 0.204066, 0.20283, 0.198147, 0.190352, 0.204605, 
Wine 322, 0.217087, 0.194167, 0.198597, 0.190969, 0.199179, 
Wine 323, 0.193059, 0.212603, 0.201927, 0.186231, 0.20618, 
Wine 325, 0.200117, 0.202506, 0.200658, 0.198359, 0.198359, 
Wine 326, 0.200578, 0.209812, 0.194888, 0.18732, 0.207402, 
Wine 327, 0.208393, 0.197292, 0.194269, 0.194269, 0.205778, 
Wine 328, 0.205543, 0.207489, 0.193486, 0.191084, 0.202399, 
Wine 330, 0.200132, 0.199273, 0.197936, 0.198374, 0.204286, 
Wine 331, 0.19868, 0.200797, 0.204261, 0.190886, 0.205376, 
Wine 332, 0.20637, 0.20047, 0.1973, 0.18463, 0.21123, 
Wine 333, 0.195845, 0.204868, 0.204935, 0.191427, 0.202925, 
Wine 335, 0.196, 0.201573, 0.20505, 0.19433, 0.203047, 
Wine 336, 0.190533, 0.209631, 0.202674, 0.18692, 0.210242, 
Wine 337, 0.194242, 0.199689, 0.206078, 0.192636, 0.207356, 
Wine 338, 0.20243, 0.207824, 0.198741, 0.188551, 0.202454, 
Wine 340, 0.20326, 0.205185, 0.199385, 0.188961, 0.203209, 
Wine 341, 0.205502, 0.201249, 0.197618, 0.19501, 0.200621, 
Wine 342, 0.212746, 0.19996, 0.198135, 0.190426, 0.198732, 
Wine 343, 0.213266, 0.197234, 0.195911, 0.188304, 0.205285, 
Wine 345, 0.200557, 0.205668, 0.201874, 0.188791, 0.203109, 
Wine 346, 0.204451, 0.203233, 0.193327, 0.190825, 0.208164, 
Wine 347, 0.204301, 0.206232, 0.197696, 0.187494, 0.204276, 
Wine 348, 0.194747, 0.203449, 0.206126, 0.184726, 0.210952, 
Wine 350, 0.194854, 0.210931, 0.198127, 0.187903, 0.208186, 
Wine 351, 0.20053, 0.199392, 0.209212, 0.192663, 0.198203, 
Wine 352, 0.197553, 0.202979, 0.200206, 0.198151, 0.201111, 
Wine 353, 0.194287, 0.206755, 0.200974, 0.19319, 0.204794, 
Wine 355, 0.208341, 0.199458, 0.194594, 0.187215, 0.210393, 
Wine 356, 0.189827, 0.212406, 0.196259, 0.188803, 0.212705, 
Wine 357, 0.193865, 0.202866, 0.203405, 0.195514, 0.20435, 
Wine 358, 0.210799, 0.198731, 0.197398, 0.192341, 0.20073, 
Wine 360, 0.198149, 0.201018, 0.202866, 0.197567, 0.200399, 
Wine 361, 0.191807, 0.211359, 0.198408, 0.196247, 0.20218, 
Wine 362, 0.198389, 0.204349, 0.202429, 0.191777, 0.203055, 
Wine 363, 0.191352, 0.207358, 0.204871, 0.19678, 0.19964, 
Wine 365, 0.209548, 0.200773, 0.19894, 0.1912, 0.199539, 
Wine 366, 0.19458, 0.19708, 0.201207, 0.208094, 0.199039, 
Wine 367, 0.207571, 0.205961, 0.195165, 0.190063, 0.201241, 
Wine 368, 0.207217, 0.208903, 0.194044, 0.186509, 0.203328, 
Wine 370, 0.193026, 0.205043, 0.201801, 0.194157, 0.205973, 
Wine 371, 0.201543, 0.210447, 0.197044, 0.186876, 0.204089, 
Wine 372, 0.201326, 0.2136, 0.197539, 0.174968, 0.212566, 
Wine 373, 0.19293, 0.212626, 0.198955, 0.186047, 0.209442, 
Wine 375, 0.195952, 0.212059, 0.2008, 0.18263, 0.208559, 
Wine 376, 0.192773, 0.198397, 0.208167, 0.206253, 0.194409, 
Wine 377, 0.198751, 0.204481, 0.19657, 0.194222, 0.205976, 
Wine 378, 0.196494, 0.209308, 0.200479, 0.192628, 0.201091, 
Wine 380, 0.193963, 0.199622, 0.209452, 0.201354, 0.195609, 
Wine 381, 0.197474, 0.196922, 0.201464, 0.20207, 0.20207, 
Wine 382, 0.196236, 0.195705, 0.202955, 0.195145, 0.209959, 
Wine 383, 0.201559, 0.202943, 0.196358, 0.18892, 0.210221, 
Wine 385, 0.192639, 0.208591, 0.202695, 0.189494, 0.206582, 
Wine 386, 0.193364, 0.209318, 0.205284, 0.191717, 0.200317, 
Wine 387, 0.192694, 0.208307, 0.198059, 0.18534, 0.215599, 
Wine 388, 0.19665, 0.205851, 0.203454, 0.192818, 0.201227, 
Wine 390, 0.206456, 0.198387, 0.197075, 0.194734, 0.203348, 
Wine 391, 0.193982, 0.206615, 0.201313, 0.196163, 0.201927, 
Wine 392, 0.191081, 0.200072, 0.201479, 0.208185, 0.199183, 
Wine 393, 0.197429, 0.203462, 0.196726, 0.205516, 0.196867, 
Wine 395, 0.207173, 0.198998, 0.203224, 0.195302, 0.195302, 
Wine 396, 0.199161, 0.195561, 0.200414, 0.206843, 0.19802, 
Wine 397, 0.19276, 0.198783, 0.203393, 0.20105, 0.204014, 
Wine 398, 0.200218, 0.202871, 0.19874, 0.196242, 0.201928, 
Wine 400, 0.198055, 0.200902, 0.197339, 0.206222, 0.197482, 
Wine 401, 0.196576, 0.202165, 0.202715, 0.194901, 0.203644, 
Wine 402, 0.199002, 0.198175, 0.199568, 0.203101, 0.200153, 
Wine 403, 0.203028, 0.195556, 0.200041, 0.203613, 0.197762, 
Wine 405, 0.190987, 0.200044, 0.198703, 0.202056, 0.20821, 
Wine 406, 0.20124, 0.196939, 0.201083, 0.201834, 0.198904, 
Wine 407, 0.193081, 0.196018, 0.193081, 0.210494, 0.207326, 
Wine 408, 0.200797, 0.196839, 0.201354, 0.201952, 0.19906, 
Wine 410, 0.203129, 0.211763, 0.198041, 0.188015, 0.199051, 
Wine 411, 0.199542, 0.21608, 0.195906, 0.185861, 0.202611, 
Wine 412, 0.195511, 0.204589, 0.208126, 0.191736, 0.200038, 
Wine 413, 0.203659, 0.193091, 0.209412, 0.19832, 0.195518, 
Wine 415, 0.195273, 0.207621, 0.198547, 0.199279, 0.199279, 
Wine 416, 0.197671, 0.196585, 0.203191, 0.198283, 0.20427, 
Wine 417, 0.196978, 0.199809, 0.198909, 0.205101, 0.199204, 
Wine 418, 0.208256, 0.19996, 0.195926, 0.190837, 0.205021, 
Wine 420, 0.189883, 0.209047, 0.205544, 0.191997, 0.203529, 
Wine 421, 0.203323, 0.220075, 0.194497, 0.177326, 0.20478, 
Wine 422, 0.205676, 0.207628, 0.196139, 0.191081, 0.199476, 
Wine 423, 0.214344, 0.201462, 0.191721, 0.189255, 0.203218, 
Wine 425, 0.201014, 0.194115, 0.19125, 0.211444, 0.202176, 
Wine 426, 0.198619, 0.195029, 0.199868, 0.203242, 0.203242, 
Wine 427, 0.196092, 0.205339, 0.205855, 0.194951, 0.197764, 
Wine 428, 0.197343, 0.203228, 0.204207, 0.196195, 0.199027, 
Wine 430, 0.195301, 0.198089, 0.199899, 0.206363, 0.200347, 
Wine 431, 0.2011, 0.20694, 0.196184, 0.196471, 0.199306, 
Wine 432, 0.213927, 0.194913, 0.194071, 0.197112, 0.199976, 
Wine 433, 0.196396, 0.202442, 0.201045, 0.201502, 0.198615, 
Wine 435, 0.195533, 0.19736, 0.206339, 0.192805, 0.207963, 
Wine 436, 0.201113, 0.213857, 0.196624, 0.181505, 0.206901, 
Wine 437, 0.207304, 0.205392, 0.194126, 0.186588, 0.206591, 
Wine 438, 0.209235, 0.203819, 0.193313, 0.188325, 0.205308, 
Wine 440, 0.198312, 0.20399, 0.201648, 0.199453, 0.196597, 
Wine 441, 0.202441, 0.201543, 0.200152, 0.192278, 0.203586, 
Wine 442, 0.189211, 0.201052, 0.201624, 0.202523, 0.20559, 
Wine 443, 0.190506, 0.202696, 0.200872, 0.201468, 0.204458, 
Wine 445, 0.196007, 0.201503, 0.199287, 0.206052, 0.19715, 
Wine 446, 0.204977, 0.203488, 0.195755, 0.190804, 0.204977, 
Wine 447, 0.199724, 0.201868, 0.205366, 0.186523, 0.206519, 
Wine 448, 0.20846, 0.206236, 0.191815, 0.18955, 0.203939, 
Wine 450, 0.206222, 0.204649, 0.194012, 0.188973, 0.206144, 
Wine 451, 0.207183, 0.212087, 0.198077, 0.18048, 0.202173, 
Wine 452, 0.19501, 0.204135, 0.201757, 0.199549, 0.199549, 
Wine 453, 0.193019, 0.202114, 0.20602, 0.197975, 0.200872, 
Wine 455, 0.207892, 0.205674, 0.196598, 0.186453, 0.203383, 
Wine 456, 0.199538, 0.20192, 0.200077, 0.20068, 0.197785, 
Wine 457, 0.194593, 0.20045, 0.19392, 0.202458, 0.208578, 
Wine 458, 0.207496, 0.205913, 0.19521, 0.19014, 0.201241, 
Wine 460, 0.200523, 0.206346, 0.19829, 0.193177, 0.201664, 
Wine 461, 0.207475, 0.205866, 0.192483, 0.189975, 0.204201, 
Wine 462, 0.204262, 0.203326, 0.196427, 0.196573, 0.199411, 
Wine 463, 0.198139, 0.207268, 0.198689, 0.193669, 0.202236, 
Wine 465, 0.210009, 0.204183, 0.19308, 0.193502, 0.199226, 
Wine 466, 0.214318, 0.201067, 0.196065, 0.186012, 0.202538, 
Wine 467, 0.213955, 0.198406, 0.197525, 0.195057, 0.195057, 
Wine 468, 0.202435, 0.204348, 0.198634, 0.185781, 0.208803, 
Wine 470, 0.206945, 0.205366, 0.197348, 0.189635, 0.200706, 
Wine 471, 0.198032, 0.203435, 0.195245, 0.198645, 0.204643, 
Wine 472, 0.202081, 0.207782, 0.196284, 0.191223, 0.202631, 
Wine 473, 0.197364, 0.199963, 0.198602, 0.199047, 0.205024, 
Wine 475, 0.209142, 0.203407, 0.19778, 0.185065, 0.204606, 
Wine 476, 0.189753, 0.212624, 0.205404, 0.191866, 0.200352, 
Wine 477, 0.195481, 0.208025, 0.202209, 0.197143, 0.197143, 
Wine 478, 0.196361, 0.195829, 0.203084, 0.203843, 0.200884, 
Wine 480, 0.200131, 0.199258, 0.203509, 0.1928, 0.204302, 
Wine 481, 0.205075, 0.198064, 0.200732, 0.198064, 0.198064, 
Wine 482, 0.206876, 0.204967, 0.196403, 0.188761, 0.202994, 
Wine 483, 0.212533, 0.202641, 0.194253, 0.186744, 0.203829, 
Wine 485, 0.210308, 0.207426, 0.194463, 0.195318, 0.192485, 
Wine 486, 0.206, 0.211595, 0.193917, 0.191509, 0.196979, 
Wine 487, 0.211217, 0.201934, 0.194191, 0.189248, 0.20341, 
Wine 488, 0.198581, 0.207731, 0.193826, 0.194102, 0.205761, 
Wine 490, 0.206566, 0.207969, 0.198117, 0.185263, 0.202085, 
Wine 491, 0.203483, 0.205684, 0.20035, 0.192453, 0.198029, 
Wine 492, 0.200654, 0.203063, 0.201182, 0.193304, 0.201796, 
Wine 493, 0.191471, 0.203821, 0.196543, 0.205597, 0.202568, 
Wine 495, 0.205878, 0.197754, 0.199144, 0.191396, 0.205827, 
Wine 496, 0.19846, 0.204378, 0.199705, 0.200152, 0.197305, 
Wine 497, 0.190606, 0.20626, 0.203359, 0.19547, 0.204304, 
Wine 498, 0.194764, 0.203877, 0.204404, 0.188379, 0.208575, 
Wine 500, 0.185798, 0.211318, 0.200815, 0.190452, 0.211616, 
Wine 501, 0.219455, 0.204163, 0.189396, 0.182213, 0.204772, 
Wine 502, 0.196808, 0.205946, 0.203007, 0.187091, 0.207148, 
Wine 503, 0.194973, 0.197984, 0.200207, 0.203418, 0.203418, 
Wine 505, 0.195268, 0.201145, 0.197161, 0.206175, 0.200251, 
Wine 506, 0.192204, 0.198118, 0.199917, 0.209408, 0.200353, 
Wine 507, 0.199591, 0.19274, 0.200158, 0.206767, 0.200744, 
Wine 508, 0.195189, 0.204459, 0.199784, 0.197384, 0.203184, 
Wine 510, 0.19707, 0.202673, 0.194972, 0.204156, 0.201129, 
Wine 511, 0.201356, 0.200765, 0.197174, 0.206117, 0.194588, 
Wine 512, 0.201534, 0.197792, 0.200024, 0.200325, 0.200325, 
Wine 513, 0.201083, 0.206881, 0.196218, 0.196501, 0.199317, 
Wine 515, 0.20012, 0.199261, 0.203492, 0.204274, 0.192854, 
Wine 516, 0.199428, 0.199428, 0.199428, 0.202287, 0.199428, 
Wine 517, 0.203141, 0.19902, 0.198122, 0.201301, 0.198416, 
Wine 518, 0.196366, 0.202366, 0.198284, 0.198574, 0.20441, 
Wine 520, 0.202407, 0.204849, 0.200119, 0.1977, 0.194925, 
Wine 521, 0.195449, 0.201653, 0.200731, 0.198192, 0.203976, 
Wine 522, 0.203136, 0.196308, 0.196308, 0.207939, 0.196308, 
Wine 523, 0.196871, 0.199447, 0.203682, 0.201453, 0.198547, 
Wine 525, 0.20548, 0.197779, 0.202365, 0.197188, 0.197188, 
Wine 526, 0.207131, 0.199367, 0.195861, 0.20164, 0.196002, 
Wine 527, 0.198668, 0.201544, 0.197939, 0.200924, 0.200924, 
Wine 528, 0.207095, 0.202058, 0.197393, 0.189627, 0.203827, 
Wine 530, 0.208767, 0.20045, 0.191305, 0.193953, 0.205524, 
Wine 531, 0.19987, 0.199579, 0.199126, 0.202151, 0.199274, 
Wine 532, 0.212542, 0.203551, 0.19363, 0.193769, 0.196507, 
Wine 533, 0.203174, 0.199052, 0.200877, 0.198449, 0.198449, 
Wine 535, 0.206065, 0.194831, 0.202137, 0.199925, 0.197041, 
Wine 536, 0.19929, 0.20167, 0.199829, 0.18945, 0.209761, 
Wine 537, 0.195803, 0.201832, 0.203249, 0.195237, 0.203878, 
Wine 538, 0.199423, 0.205173, 0.199962, 0.194879, 0.200564, 
Wine 540, 0.204199, 0.200056, 0.193948, 0.199449, 0.202349, 
Wine 541, 0.199135, 0.208233, 0.198954, 0.19397, 0.199708, 
Wine 542, 0.197165, 0.202811, 0.200482, 0.198299, 0.201242, 
Wine 543, 0.198069, 0.210615, 0.200039, 0.187025, 0.204252, 
Wine 545, 0.199135, 0.208233, 0.198954, 0.19397, 0.199708, 
Wine 546, 0.204816, 0.200304, 0.198941, 0.199387, 0.196551, 
Wine 547, 0.198676, 0.198396, 0.197958, 0.206869, 0.198102, 
Wine 548, 0.201596, 0.198165, 0.198165, 0.203909, 0.198165, 
Wine 550, 0.203781, 0.199606, 0.201442, 0.198992, 0.19618, 
Wine 551, 0.212643, 0.197714, 0.194707, 0.194707, 0.20023, 
Wine 552, 0.201438, 0.200847, 0.197255, 0.20023, 0.20023, 
Wine 553, 0.207824, 0.199889, 0.193739, 0.199274, 0.199274, 
Wine 555, 0.203716, 0.202783, 0.198575, 0.196048, 0.198878, 
Wine 556, 0.196946, 0.203056, 0.201634, 0.199182, 0.199182, 
Wine 557, 0.205338, 0.20086, 0.202271, 0.194402, 0.197129, 
Wine 558, 0.205098, 0.203876, 0.193939, 0.191429, 0.205657, 
Wine 560, 0.205429, 0.201179, 0.194941, 0.194941, 0.203509, 
Wine 561, 0.198666, 0.207889, 0.199203, 0.191452, 0.20279, 
Wine 562, 0.207029, 0.202048, 0.194771, 0.192338, 0.203813, 
Wine 563, 0.195836, 0.20182, 0.200447, 0.203858, 0.198038, 
Wine 565, 0.204798, 0.194517, 0.197085, 0.209083, 0.194517, 
Wine 566, 0.201305, 0.206946, 0.195595, 0.188, 0.208154, 
Wine 567, 0.201018, 0.20072, 0.200257, 0.197596, 0.200409, 
Wine 568, 0.195183, 0.204453, 0.20256, 0.194627, 0.203178, 
Wine 570, 0.199006, 0.204984, 0.200251, 0.200706, 0.195054, 
Wine 571, 0.208333, 0.200452, 0.194331, 0.199844, 0.19704, 
Wine 572, 0.206459, 0.205188, 0.195024, 0.192466, 0.200864, 
Wine 573, 0.195165, 0.204508, 0.205486, 0.194601, 0.20024, 
Wine 575, 0.198621, 0.198048, 0.205566, 0.197447, 0.200318, 
Wine 576, 0.195165, 0.204508, 0.205486, 0.194601, 0.20024, 
Wine 577, 0.200146, 0.202798, 0.19603, 0.204854, 0.196172, 
Wine 578, 0.197966, 0.200573, 0.199208, 0.202598, 0.199655, 
Wine 580, 0.197469, 0.203596, 0.199411, 0.202635, 0.196889, 
Wine 581, 0.201935, 0.201039, 0.202451, 0.19447, 0.200105, 
Wine 582, 0.197257, 0.203096, 0.195844, 0.204866, 0.198937, 
Wine 583, 0.20143, 0.200839, 0.19992, 0.203153, 0.194659, 
Wine 585, 0.202066, 0.198314, 0.200552, 0.203794, 0.195274, 
Wine 586, 0.202578, 0.208255, 0.196832, 0.189189, 0.203146, 
Wine 587, 0.202341, 0.204795, 0.197289, 0.192097, 0.203478, 
Wine 588, 0.211459, 0.19972, 0.196179, 0.196321, 0.196321, 
Wine 590, 0.198116, 0.200984, 0.200065, 0.197535, 0.2033, 
Wine 591, 0.203423, 0.205624, 0.200291, 0.189751, 0.200911, 
Wine 592, 0.196748, 0.202572, 0.200723, 0.204337, 0.19562, 
Wine 593, 0.207105, 0.202123, 0.197501, 0.192409, 0.200862, 
Wine 595, 0.202816, 0.204994, 0.199787, 0.192014, 0.200389, 
Wine 596, 0.20026, 0.202929, 0.201508, 0.199058, 0.196245, 
Wine 597, 0.202447, 0.20155, 0.197446, 0.203593, 0.194964, 
Wine 598, 0.202385, 0.197971, 0.205086, 0.191606, 0.202952, 
Wine 600, 0.200887, 0.200307, 0.199405, 0.1997, 0.1997, 
Wine 601, 0.198993, 0.204971, 0.197525, 0.200693, 0.197818, 
Wine 602, 0.20106, 0.210163, 0.200106, 0.18452, 0.204151, 
Wine 603, 0.196396, 0.202442, 0.201045, 0.201502, 0.198615, 
Wine 605, 0.200488, 0.197104, 0.199741, 0.202776, 0.19989, 
Wine 606, 0.20106, 0.197638, 0.200299, 0.197638, 0.203366, 
Wine 607, 0.207563, 0.202569, 0.192696, 0.192834, 0.204338, 
Wine 608, 0.206081, 0.198285, 0.197391, 0.200558, 0.197684, 
Wine 610, 0.19409, 0.203308, 0.204288, 0.196273, 0.202041, 
Wine 611, 0.218127, 0.201176, 0.189078, 0.19166, 0.199958, 
Wine 612, 0.201596, 0.198165, 0.198165, 0.203909, 0.198165, 
Wine 613, 0.196462, 0.199286, 0.201113, 0.20157, 0.20157, 
Wine 615, 0.205295, 0.200772, 0.194125, 0.202799, 0.19701, 
Wine 616, 0.205749, 0.20423, 0.201886, 0.194067, 0.194067, 
Wine 617, 0.203128, 0.199007, 0.203647, 0.201288, 0.192931, 
Wine 618, 0.204772, 0.200617, 0.194492, 0.202917, 0.197203, 
Wine 620, 0.198743, 0.198458, 0.200698, 0.203943, 0.198159, 
Wine 621, 0.201229, 0.203657, 0.198954, 0.193791, 0.202368, 
Wine 622, 0.204895, 0.200656, 0.197035, 0.194434, 0.20298, 
Wine 623, 0.196892, 0.202954, 0.198821, 0.196322, 0.205011, 
Wine 625, 0.191808, 0.2041, 0.207628, 0.193943, 0.202521, 
Wine 626, 0.194629, 0.203801, 0.199187, 0.205577, 0.196807, 
Wine 627, 0.204845, 0.197237, 0.201786, 0.199474, 0.196657, 
Wine 628, 0.19778, 0.203721, 0.201807, 0.191188, 0.205504, 
Wine 630, 0.202407, 0.204849, 0.200119, 0.194925, 0.1977, 
Wine 631, 0.210936, 0.196126, 0.195693, 0.198622, 0.198622, 
Wine 632, 0.210309, 0.198634, 0.200455, 0.192569, 0.198032, 
Wine 633, 0.200536, 0.206401, 0.198269, 0.193123, 0.201671, 
Wine 635, 0.209002, 0.201021, 0.194836, 0.197571, 0.197571, 
Wine 636, 0.2127, 0.2028, 0.197129, 0.189495, 0.197876, 
Wine 637, 0.191255, 0.214487, 0.202977, 0.187027, 0.204254, 
Wine 638, 0.195937, 0.205176, 0.202752, 0.18946, 0.206675, 
Wine 640, 0.197049, 0.197049, 0.197049, 0.211804, 0.197049, 
Wine 641, 0.211525, 0.196674, 0.19624, 0.199178, 0.196383, 
Wine 642, 0.202344, 0.204785, 0.194723, 0.197638, 0.200511, 
Wine 643, 0.205852, 0.200953, 0.199119, 0.191372, 0.202704, 
Wine 645, 0.207897, 0.19692, 0.19913, 0.199426, 0.196627, 
Wine 646, 0.198653, 0.201549, 0.200614, 0.1953, 0.203884, 
Wine 647, 0.194901, 0.203881, 0.196133, 0.196555, 0.20853, 
Wine 648, 0.195549, 0.208389, 0.197466, 0.194984, 0.203613, 
Wine 650, 0.199118, 0.201723, 0.20037, 0.200813, 0.197976, 
Wine 651, 0.198593, 0.198313, 0.197875, 0.209921, 0.195297, 
Wine 652, 0.197007, 0.199859, 0.204545, 0.202161, 0.196428, 
Wine 653, 0.198099, 0.200988, 0.202842, 0.194756, 0.203316, 
Wine 655, 0.205471, 0.20122, 0.194981, 0.197737, 0.200591, 
Wine 656, 0.2005, 0.197116, 0.20248, 0.197116, 0.202788, 
Wine 657, 0.207833, 0.199897, 0.196322, 0.193747, 0.202201, 
Wine 658, 0.200814, 0.196184, 0.208874, 0.187046, 0.207083, 
Wine 660, 0.203781, 0.199606, 0.201442, 0.19618, 0.198992, 
Wine 661, 0.201847, 0.204282, 0.199565, 0.197153, 0.197153, 
Wine 662, 0.198769, 0.198485, 0.206375, 0.198186, 0.198186, 
Wine 663, 0.201284, 0.203951, 0.194575, 0.200095, 0.200095, 
Wine 665, 0.196643, 0.202506, 0.206433, 0.190143, 0.204275, 
Wine 666, 0.201596, 0.198165, 0.198165, 0.203909, 0.198165, 
Wine 667, 0.200306, 0.199728, 0.198827, 0.202017, 0.199122, 
Wine 668, 0.20106, 0.203219, 0.203745, 0.190352, 0.201624, 
Wine 670, 0.204343, 0.200156, 0.199241, 0.19672, 0.19954, 
Wine 671, 0.205464, 0.198099, 0.195063, 0.203574, 0.1978, 
Wine 672, 0.206127, 0.198671, 0.195603, 0.198368, 0.201232, 
Wine 673, 0.198455, 0.204417, 0.199696, 0.197282, 0.20015, 
Wine 675, 0.199786, 0.20272, 0.19903, 0.196386, 0.202078, 
Wine 676, 0.204249, 0.196663, 0.201199, 0.196084, 0.201805, 
Wine 677, 0.200265, 0.199687, 0.198786, 0.204975, 0.196288, 
Wine 678, 0.204986, 0.197637, 0.199868, 0.200169, 0.19734, 
Wine 680, 0.20026, 0.202929, 0.201508, 0.199058, 0.196245, 
Wine 681, 0.212761, 0.197299, 0.196422, 0.193969, 0.199549, 
Wine 682, 0.203085, 0.202185, 0.200789, 0.195579, 0.198362, 
Wine 683, 0.203443, 0.205636, 0.200359, 0.192512, 0.19805, 
Wine 685, 0.203897, 0.199146, 0.200126, 0.189799, 0.207032, 
Wine 686, 0.200762, 0.206388, 0.197764, 0.187493, 0.207593, 
Wine 687, 0.1973, 0.199898, 0.198538, 0.196152, 0.208113, 
Wine 688, 0.207875, 0.199937, 0.196361, 0.199322, 0.196505, 
Wine 690, 0.198262, 0.201421, 0.20095, 0.201104, 0.198262, 
Wine 691, 0.203781, 0.199606, 0.201442, 0.198992, 0.19618, 
Wine 692, 0.198847, 0.198847, 0.198847, 0.204611, 0.198847, 
Wine 693, 0.210161, 0.200924, 0.198618, 0.190926, 0.199371, 
Wine 695, 0.202066, 0.198314, 0.200552, 0.203794, 0.195274, 
Wine 696, 0.20323, 0.20542, 0.194743, 0.189685, 0.206921, 
Wine 697, 0.200318, 0.19974, 0.201572, 0.202029, 0.19634, 
Wine 698, 0.195191, 0.204535, 0.202613, 0.197396, 0.200266, 
Wine 700, 0.206321, 0.204747, 0.196753, 0.189063, 0.203115, 
Wine 701, 0.200234, 0.199656, 0.196115, 0.204944, 0.199051, 
Wine 702, 0.20542, 0.201211, 0.19502, 0.197757, 0.200592, 
Wine 703, 0.209608, 0.200395, 0.200927, 0.193132, 0.195938, 
Wine 705, 0.206174, 0.195736, 0.201026, 0.195736, 0.201328, 
Wine 706, 0.206688, 0.199278, 0.198832, 0.196224, 0.198978, 
Wine 707, 0.201488, 0.200887, 0.199955, 0.19741, 0.20026, 
Wine 708, 0.192683, 0.201894, 0.20052, 0.203933, 0.20097, 
Wine 710, 0.203775, 0.199956, 0.196868, 0.196868, 0.202533, 
Wine 711, 0.196373, 0.202466, 0.201048, 0.201511, 0.198603, 
Wine 712, 0.203761, 0.196912, 0.196912, 0.205503, 0.196912, 
Wine 713, 0.203229, 0.196398, 0.199008, 0.204967, 0.196398, 
Wine 715, 0.194304, 0.214003, 0.196917, 0.184305, 0.210472, 
Wine 716, 0.195905, 0.204931, 0.204998, 0.19421, 0.199956, 
Wine 717, 0.201512, 0.207159, 0.195796, 0.193457, 0.202077, 
Wine 718, 0.196739, 0.206233, 0.198674, 0.193446, 0.204907, 
Wine 720, 0.202623, 0.202019, 0.201081, 0.198522, 0.195755, 
Wine 721, 0.196926, 0.203035, 0.201614, 0.196347, 0.202078, 
Wine 722, 0.200563, 0.206387, 0.19833, 0.198774, 0.195946, 
Wine 723, 0.202064, 0.201461, 0.200527, 0.197974, 0.197974, 
Wine 725, 0.197424, 0.203503, 0.199359, 0.205566, 0.194148, 
Wine 726, 0.198706, 0.201603, 0.203463, 0.198114, 0.198114, 
Wine 727, 0.202495, 0.201901, 0.195689, 0.204227, 0.195689, 
Wine 728, 0.199916, 0.205721, 0.197689, 0.192592, 0.204082, 
Wine 730, 0.213178, 0.200489, 0.193391, 0.193666, 0.199275, 
Wine 731, 0.199617, 0.202278, 0.200861, 0.192907, 0.204336, 
Wine 732, 0.209161, 0.194985, 0.197576, 0.197722, 0.200556, 
Wine 733, 0.194396, 0.207161, 0.201788, 0.19117, 0.205485, 
Wine 735, 0.205044, 0.198034, 0.198034, 0.200853, 0.198034, 
Wine 736, 0.20126, 0.210372, 0.200305, 0.189833, 0.19823, 
Wine 737, 0.202133, 0.204303, 0.196399, 0.191368, 0.205797, 
Wine 738, 0.201483, 0.200892, 0.202739, 0.197443, 0.197443, 
Wine 740, 0.196069, 0.19912, 0.201368, 0.204623, 0.19882, 
Wine 741, 0.193803, 0.199955, 0.204643, 0.202259, 0.19934, 
Wine 742, 0.197404, 0.20629, 0.205912, 0.192392, 0.198001, 
Wine 743, 0.198408, 0.204324, 0.196965, 0.20305, 0.197253, 
Wine 745, 0.209415, 0.203994, 0.196102, 0.191078, 0.199412, 
Wine 746, 0.194298, 0.20305, 0.203176, 0.198268, 0.201208, 
Wine 747, 0.203846, 0.196538, 0.201506, 0.199055, 0.199055, 
Wine 748, 0.200661, 0.203069, 0.198426, 0.196042, 0.201803, 
Wine 750, 0.201547, 0.197804, 0.202804, 0.197507, 0.200338, 
Wine 751, 0.191524, 0.203877, 0.207817, 0.194157, 0.202625, 
Wine 752, 0.196766, 0.202633, 0.20361, 0.195621, 0.20137, 
Wine 753, 0.200084, 0.202473, 0.197889, 0.198326, 0.201229, 
Wine 755, 0.206178, 0.19872, 0.198269, 0.198417, 0.198417, 
Wine 756, 0.193964, 0.206494, 0.20125, 0.19342, 0.204873, 
Wine 757, 0.21033, 0.198175, 0.199567, 0.191752, 0.200176, 
Wine 758, 0.202419, 0.201536, 0.19747, 0.195004, 0.203571, 
Wine 760, 0.207211, 0.199372, 0.198474, 0.193285, 0.201658, 
Wine 761, 0.204954, 0.197607, 0.197164, 0.200137, 0.200137, 
Wine 762, 0.199298, 0.199013, 0.198567, 0.201561, 0.201561, 
Wine 763, 0.19889, 0.19889, 0.201587, 0.19889, 0.201742, 
Wine 765, 0.199232, 0.202136, 0.198489, 0.198637, 0.201505, 
Wine 766, 0.203024, 0.202109, 0.197955, 0.192746, 0.204166, 
Wine 767, 0.198571, 0.20478, 0.197832, 0.200838, 0.197979, 
Wine 768, 0.198668, 0.201544, 0.197939, 0.200924, 0.200924, 
Wine 770, 0.196553, 0.205821, 0.203389, 0.190056, 0.204181, 
Wine 771, 0.192441, 0.201509, 0.205403, 0.197382, 0.203265, 
Wine 772, 0.201596, 0.198165, 0.198165, 0.203909, 0.198165, 
Wine 773, 0.198257, 0.198257, 0.198257, 0.206971, 0.198257, 
Wine 775, 0.19987, 0.199579, 0.199126, 0.202151, 0.199274, 
Wine 776, 0.201996, 0.197937, 0.202527, 0.197346, 0.200194, 
Wine 777, 0.196441, 0.199265, 0.201092, 0.204542, 0.198661, 
Wine 778, 0.207782, 0.203109, 0.196273, 0.196418, 0.196418, 
Wine 780, 0.198693, 0.20159, 0.200655, 0.200961, 0.198101, 
Wine 781, 0.202374, 0.204816, 0.197375, 0.194894, 0.200541, 
Wine 782, 0.202032, 0.20143, 0.197795, 0.197943, 0.200801, 
Wine 783, 0.198139, 0.201028, 0.202883, 0.197549, 0.200401, 
Wine 785, 0.193003, 0.20576, 0.203798, 0.193003, 0.204437, 
Wine 786, 0.201356, 0.200478, 0.201886, 0.196721, 0.19956, 
Wine 787, 0.20252, 0.201916, 0.195655, 0.195655, 0.204254, 
Wine 788, 0.195237, 0.208141, 0.197831, 0.200814, 0.197977, 
Wine 790, 0.20106, 0.197638, 0.200299, 0.203366, 0.197638, 
Wine 791, 0.199885, 0.199589, 0.201866, 0.196483, 0.202178, 
Wine 792, 0.197716, 0.200842, 0.200379, 0.200531, 0.200531, 
Wine 793, 0.200977, 0.197585, 0.197585, 0.206269, 0.197585, 
Wine 795, 0.202501, 0.201603, 0.200212, 0.195016, 0.200667, 
Wine 796, 0.199297, 0.199007, 0.198554, 0.201571, 0.201571, 
Wine 797, 0.197733, 0.197733, 0.200378, 0.206423, 0.197733, 
Wine 798, 0.201488, 0.200887, 0.199955, 0.19741, 0.20026, 
Wine 800, 0.203831, 0.199975, 0.196863, 0.199665, 0.199665, 
Wine 801, 0.203182, 0.196025, 0.200919, 0.201369, 0.198505, 
Wine 802, 0.202617, 0.202003, 0.198326, 0.195691, 0.201363, 
Wine 803, 0.197469, 0.203596, 0.199411, 0.196889, 0.202635, 
Wine 805, 0.202054, 0.198302, 0.197858, 0.203783, 0.198003, 
Wine 806, 0.199232, 0.202136, 0.198489, 0.198637, 0.201505, 
Wine 807, 0.202609, 0.198847, 0.198402, 0.204343, 0.1958, 
Wine 808, 0.200812, 0.203489, 0.199307, 0.196786, 0.199607, 
Wine 810, 0.200188, 0.20284, 0.19607, 0.201898, 0.199005, 
Wine 811, 0.196516, 0.202855, 0.2019, 0.196516, 0.202212, 
Wine 812, 0.212026, 0.19714, 0.194142, 0.194142, 0.202551, 
Wine 813, 0.200433, 0.200137, 0.199675, 0.202732, 0.197022, 
Wine 815, 0.19599, 0.202262, 0.204128, 0.19599, 0.20163, 
Wine 816, 0.196626, 0.19971, 0.201976, 0.202284, 0.199405, 
Wine 817, 0.196626, 0.19971, 0.201976, 0.202284, 0.199405, 
Wine 818, 0.19818, 0.197896, 0.200129, 0.203365, 0.20043, 
Wine 820, 0.204839, 0.200642, 0.194469, 0.200025, 0.200025, 
Wine 821, 0.202764, 0.195891, 0.204024, 0.19866, 0.19866, 
Wine 822, 0.206719, 0.199242, 0.196165, 0.198937, 0.198937, 
Wine 823, 0.200447, 0.197064, 0.1997, 0.205725, 0.197064, 
Wine 825, 0.199794, 0.196478, 0.196478, 0.208033, 0.199216, 
Wine 826, 0.19714, 0.19714, 0.19976, 0.20882, 0.19714, 
Wine 827, 0.199885, 0.199589, 0.201866, 0.196483, 0.202178, 
