Wine 1, 0.189201, 0.218762, 0.20506, 0.193196, 0.193782, 
Wine 2, 0.191577, 0.213213, 0.214056, 0.191896, 0.189258, 
Wine 3, 0.193783, 0.217397, 0.203846, 0.1922, 0.192774, 
Wine 4, 0.200825, 0.210647, 0.191547, 0.196291, 0.200692, 
Wine 6, 0.200431, 0.201681, 0.197472, 0.197942, 0.202474, 
Wine 7, 0.190878, 0.2139, 0.216043, 0.189311, 0.189868, 
Wine 8, 0.196257, 0.218001, 0.199699, 0.192733, 0.193309, 
Wine 9, 0.198053, 0.213745, 0.199509, 0.195568, 0.193125, 
Wine 11, 0.187753, 0.212213, 0.203857, 0.193931, 0.202245, 
Wine 12, 0.20778, 0.202595, 0.194043, 0.19578, 0.199802, 
Wine 13, 0.200082, 0.214969, 0.193005, 0.190654, 0.201289, 
Wine 14, 0.200376, 0.211693, 0.193312, 0.185258, 0.209361, 
Wine 16, 0.200977, 0.205674, 0.197973, 0.192411, 0.202965, 
Wine 17, 0.198053, 0.213745, 0.199509, 0.195568, 0.193125, 
Wine 18, 0.205036, 0.206823, 0.187594, 0.196285, 0.204262, 
Wine 19, 0.203736, 0.197439, 0.196569, 0.197084, 0.205172, 
Wine 21, 0.206853, 0.194097, 0.191099, 0.203326, 0.204624, 
Wine 22, 0.208644, 0.196868, 0.190811, 0.209724, 0.193952, 
Wine 23, 0.20723, 0.198724, 0.189518, 0.21189, 0.192638, 
Wine 24, 0.197914, 0.222284, 0.19891, 0.190446, 0.190446, 
Wine 26, 0.19514, 0.215673, 0.200141, 0.194375, 0.194672, 
Wine 27, 0.193413, 0.205394, 0.198766, 0.191833, 0.210595, 
Wine 28, 0.186336, 0.221272, 0.215016, 0.188411, 0.188965, 
Wine 29, 0.198827, 0.206252, 0.201939, 0.19316, 0.199821, 
Wine 31, 0.214689, 0.198291, 0.190189, 0.197833, 0.198998, 
Wine 32, 0.189349, 0.209623, 0.213144, 0.195312, 0.192572, 
Wine 33, 0.195497, 0.212306, 0.205386, 0.191773, 0.195037, 
Wine 34, 0.192314, 0.214253, 0.199816, 0.189701, 0.203915, 
Wine 36, 0.199066, 0.210945, 0.191818, 0.193535, 0.204636, 
Wine 37, 0.194106, 0.206259, 0.199586, 0.192529, 0.20752, 
Wine 38, 0.201268, 0.191916, 0.203306, 0.204448, 0.199061, 
Wine 39, 0.201235, 0.209585, 0.193897, 0.195633, 0.199651, 
Wine 41, 0.204818, 0.206603, 0.195541, 0.196076, 0.196962, 
Wine 42, 0.206422, 0.194772, 0.192817, 0.20749, 0.1985, 
Wine 43, 0.206457, 0.197997, 0.192892, 0.207464, 0.195191, 
Wine 44, 0.19321, 0.211079, 0.208851, 0.195933, 0.190927, 
Wine 46, 0.19949, 0.219373, 0.192226, 0.19102, 0.197891, 
Wine 47, 0.201171, 0.207183, 0.200516, 0.193615, 0.197515, 
Wine 48, 0.202327, 0.199325, 0.199599, 0.205451, 0.193297, 
Wine 49, 0.195493, 0.213115, 0.190279, 0.198119, 0.202994, 
Wine 51, 0.209364, 0.18953, 0.193542, 0.211717, 0.195848, 
Wine 52, 0.190073, 0.20316, 0.185008, 0.213229, 0.20853, 
Wine 53, 0.20348, 0.195617, 0.200088, 0.205197, 0.195617, 
Wine 54, 0.210344, 0.197319, 0.194247, 0.197202, 0.200888, 
Wine 56, 0.195145, 0.208881, 0.208215, 0.188749, 0.199009, 
Wine 57, 0.202425, 0.214652, 0.195043, 0.193797, 0.194084, 
Wine 58, 0.216274, 0.194633, 0.199939, 0.19746, 0.191695, 
Wine 59, 0.209522, 0.196547, 0.197717, 0.199487, 0.196726, 
Wine 61, 0.208009, 0.194284, 0.192343, 0.213915, 0.191448, 
Wine 62, 0.198997, 0.198077, 0.198349, 0.194502, 0.210075, 
Wine 63, 0.206421, 0.198862, 0.196863, 0.198625, 0.199228, 
Wine 64, 0.205047, 0.194331, 0.19551, 0.20372, 0.201393, 
Wine 66, 0.208257, 0.193484, 0.198825, 0.202541, 0.196892, 
Wine 67, 0.213762, 0.195389, 0.193437, 0.207943, 0.189469, 
Wine 68, 0.200563, 0.190164, 0.195548, 0.213247, 0.200478, 
Wine 69, 0.204525, 0.202779, 0.195261, 0.189909, 0.207526, 
Wine 71, 0.197969, 0.207395, 0.197252, 0.203028, 0.194356, 
Wine 72, 0.190853, 0.206798, 0.195591, 0.20255, 0.204208, 
Wine 73, 0.198145, 0.215071, 0.189055, 0.199852, 0.197877, 
Wine 74, 0.199255, 0.21269, 0.194223, 0.194754, 0.199076, 
Wine 76, 0.202495, 0.196239, 0.195357, 0.209133, 0.196776, 
Wine 77, 0.2073, 0.198791, 0.189582, 0.208373, 0.195954, 
Wine 78, 0.21011, 0.198212, 0.192067, 0.204356, 0.195254, 
Wine 79, 0.211488, 0.198563, 0.189505, 0.201346, 0.199098, 
Wine 81, 0.204145, 0.191555, 0.201525, 0.211049, 0.191727, 
Wine 82, 0.204061, 0.189586, 0.190654, 0.216011, 0.199687, 
Wine 83, 0.204125, 0.209576, 0.18676, 0.19242, 0.20712, 
Wine 84, 0.192333, 0.214615, 0.19343, 0.187032, 0.212591, 
Wine 86, 0.203771, 0.200773, 0.188325, 0.194075, 0.213056, 
Wine 87, 0.197522, 0.210161, 0.198633, 0.189998, 0.203687, 
Wine 88, 0.210282, 0.195302, 0.200761, 0.198181, 0.195474, 
Wine 89, 0.209063, 0.199292, 0.193064, 0.205517, 0.193064, 
Wine 91, 0.202974, 0.210829, 0.187515, 0.190346, 0.208335, 
Wine 92, 0.206271, 0.201124, 0.192634, 0.194358, 0.205613, 
Wine 93, 0.198423, 0.211802, 0.207272, 0.190971, 0.191532, 
Wine 94, 0.197196, 0.206757, 0.202417, 0.193422, 0.200208, 
Wine 96, 0.207964, 0.196226, 0.190189, 0.20904, 0.196581, 
Wine 97, 0.20374, 0.193135, 0.190129, 0.20929, 0.203706, 
Wine 98, 0.210195, 0.194231, 0.20083, 0.203348, 0.191396, 
Wine 99, 0.198034, 0.212807, 0.201133, 0.19239, 0.195637, 
Wine 101, 0.205073, 0.204234, 0.191372, 0.194283, 0.205038, 
Wine 102, 0.198901, 0.209509, 0.189408, 0.195327, 0.206856, 
Wine 103, 0.201332, 0.195953, 0.193979, 0.208961, 0.199775, 
Wine 104, 0.205975, 0.198414, 0.192214, 0.204612, 0.198785, 
Wine 106, 0.197611, 0.205701, 0.194621, 0.195131, 0.206937, 
Wine 107, 0.191659, 0.205669, 0.203767, 0.191978, 0.206927, 
Wine 108, 0.198736, 0.207094, 0.191478, 0.190232, 0.21246, 
Wine 109, 0.204381, 0.215924, 0.192961, 0.194687, 0.192047, 
Wine 111, 0.209572, 0.194681, 0.189719, 0.210831, 0.195197, 
Wine 112, 0.197173, 0.219018, 0.196154, 0.196668, 0.190988, 
Wine 113, 0.197165, 0.217288, 0.193828, 0.195563, 0.196156, 
Wine 114, 0.211133, 0.198194, 0.189083, 0.191894, 0.209696, 
Wine 116, 0.216769, 0.200213, 0.192033, 0.196693, 0.194292, 
Wine 117, 0.201648, 0.207771, 0.188303, 0.197095, 0.205184, 
Wine 118, 0.196594, 0.210431, 0.200041, 0.202507, 0.190427, 
Wine 119, 0.209214, 0.199658, 0.191394, 0.209231, 0.190504, 
Wine 121, 0.203005, 0.198358, 0.195197, 0.201394, 0.202046, 
Wine 122, 0.196054, 0.198625, 0.201161, 0.201587, 0.202575, 
Wine 123, 0.202151, 0.204763, 0.19279, 0.194516, 0.205779, 
Wine 124, 0.209115, 0.197424, 0.189305, 0.190998, 0.213158, 
Wine 126, 0.192726, 0.21151, 0.193979, 0.196412, 0.205372, 
Wine 127, 0.209117, 0.199565, 0.195439, 0.202305, 0.193574, 
Wine 128, 0.20632, 0.203663, 0.188745, 0.196426, 0.204846, 
Wine 129, 0.191873, 0.210368, 0.193042, 0.192398, 0.212318, 
Wine 131, 0.193255, 0.20656, 0.210852, 0.195759, 0.193574, 
Wine 132, 0.207625, 0.19795, 0.191812, 0.200838, 0.201775, 
Wine 133, 0.209077, 0.199305, 0.193077, 0.202233, 0.196308, 
Wine 134, 0.210071, 0.195043, 0.19203, 0.204317, 0.198539, 
Wine 136, 0.193227, 0.216533, 0.203099, 0.19164, 0.195501, 
Wine 137, 0.19665, 0.204076, 0.204578, 0.197034, 0.197662, 
Wine 138, 0.199912, 0.215751, 0.201381, 0.194357, 0.188599, 
Wine 139, 0.199684, 0.209366, 0.195862, 0.195862, 0.199225, 
Wine 141, 0.204034, 0.201032, 0.192601, 0.200537, 0.201797, 
Wine 142, 0.195016, 0.217855, 0.210407, 0.18963, 0.187092, 
Wine 143, 0.196371, 0.199557, 0.204686, 0.199058, 0.200328, 
Wine 144, 0.193838, 0.205846, 0.208882, 0.195268, 0.196165, 
Wine 146, 0.207881, 0.201692, 0.1903, 0.204367, 0.195759, 
Wine 147, 0.206451, 0.198856, 0.196849, 0.198611, 0.199233, 
Wine 148, 0.191054, 0.217283, 0.216449, 0.185788, 0.189426, 
Wine 149, 0.20307, 0.200942, 0.200112, 0.194346, 0.20153, 
Wine 151, 0.202307, 0.202307, 0.19691, 0.195556, 0.202919, 
Wine 152, 0.197265, 0.193951, 0.192004, 0.199916, 0.216864, 
Wine 153, 0.191396, 0.201708, 0.198625, 0.197825, 0.210446, 
Wine 154, 0.21255, 0.200666, 0.188508, 0.20674, 0.191536, 
Wine 156, 0.203783, 0.207807, 0.196614, 0.197129, 0.194667, 
Wine 157, 0.207828, 0.200474, 0.188141, 0.190938, 0.212618, 
Wine 158, 0.199639, 0.210969, 0.198276, 0.193894, 0.197223, 
Wine 159, 0.203849, 0.196402, 0.19036, 0.209227, 0.200162, 
Wine 161, 0.203527, 0.199308, 0.194081, 0.195819, 0.207266, 
Wine 162, 0.205925, 0.191194, 0.211038, 0.203601, 0.188241, 
Wine 163, 0.195866, 0.213332, 0.208768, 0.195342, 0.186693, 
Wine 164, 0.195719, 0.198895, 0.194753, 0.195241, 0.215392, 
Wine 166, 0.205273, 0.197739, 0.19156, 0.20732, 0.198108, 
Wine 167, 0.196199, 0.218358, 0.194782, 0.193538, 0.197123, 
Wine 168, 0.202882, 0.20853, 0.19508, 0.19508, 0.198429, 
Wine 169, 0.196164, 0.210127, 0.204471, 0.192641, 0.196598, 
Wine 171, 0.197408, 0.211459, 0.205768, 0.190914, 0.194451, 
Wine 172, 0.196582, 0.207283, 0.195162, 0.20002, 0.200954, 
Wine 173, 0.206798, 0.19719, 0.195211, 0.203255, 0.197547, 
Wine 174, 0.201614, 0.200716, 0.192299, 0.200223, 0.205149, 
Wine 176, 0.204106, 0.198645, 0.196641, 0.201586, 0.199023, 
Wine 177, 0.194482, 0.210412, 0.204748, 0.189969, 0.200389, 
Wine 178, 0.194614, 0.205817, 0.20498, 0.198274, 0.196315, 
Wine 179, 0.204349, 0.193712, 0.194865, 0.206386, 0.200688, 
Wine 181, 0.197826, 0.20882, 0.192187, 0.195133, 0.206034, 
Wine 182, 0.199316, 0.203381, 0.193581, 0.199726, 0.203996, 
Wine 183, 0.195267, 0.206737, 0.197774, 0.196413, 0.203809, 
Wine 184, 0.205153, 0.2009, 0.191447, 0.197383, 0.205118, 
Wine 186, 0.196929, 0.209915, 0.197465, 0.199233, 0.196457, 
Wine 187, 0.201821, 0.201758, 0.192189, 0.198195, 0.206037, 
Wine 188, 0.20026, 0.198104, 0.19723, 0.194695, 0.209711, 
Wine 189, 0.201406, 0.202614, 0.189954, 0.198891, 0.207136, 
Wine 191, 0.212141, 0.196965, 0.193923, 0.203048, 0.193923, 
Wine 192, 0.199364, 0.201811, 0.194329, 0.197961, 0.206535, 
Wine 193, 0.197407, 0.208259, 0.190425, 0.193978, 0.20993, 
Wine 194, 0.209002, 0.199262, 0.193084, 0.199024, 0.199628, 
Wine 196, 0.20504, 0.198701, 0.19352, 0.192283, 0.210456, 
Wine 197, 0.202561, 0.197149, 0.190988, 0.19691, 0.212392, 
Wine 198, 0.198066, 0.205463, 0.192421, 0.208383, 0.195668, 
Wine 199, 0.203117, 0.199713, 0.193423, 0.196387, 0.207359, 
Wine 201, 0.198811, 0.209976, 0.201995, 0.1961, 0.193118, 
Wine 202, 0.203991, 0.205313, 0.192281, 0.192281, 0.206135, 
Wine 203, 0.197394, 0.213033, 0.198844, 0.194917, 0.195812, 
Wine 204, 0.210729, 0.195654, 0.192633, 0.208351, 0.192633, 
Wine 206, 0.201722, 0.207947, 0.196678, 0.18831, 0.205343, 
Wine 207, 0.201226, 0.206008, 0.193876, 0.195612, 0.203277, 
Wine 208, 0.205902, 0.196307, 0.198673, 0.205742, 0.193377, 
Wine 209, 0.20593, 0.19543, 0.19042, 0.21554, 0.192679, 
Wine 211, 0.201921, 0.208501, 0.199325, 0.191349, 0.198903, 
Wine 212, 0.197315, 0.209941, 0.203114, 0.189799, 0.199831, 
Wine 213, 0.200343, 0.209495, 0.201533, 0.192675, 0.195955, 
Wine 214, 0.201901, 0.199765, 0.190366, 0.196268, 0.2117, 
Wine 216, 0.201333, 0.207446, 0.196272, 0.19375, 0.201199, 
Wine 217, 0.208567, 0.200006, 0.190741, 0.196564, 0.204122, 
Wine 218, 0.218507, 0.189421, 0.187555, 0.214793, 0.189724, 
Wine 219, 0.208529, 0.19676, 0.194785, 0.202811, 0.197116, 
Wine 221, 0.198326, 0.202317, 0.201502, 0.201929, 0.195925, 
Wine 222, 0.205056, 0.204217, 0.195539, 0.19729, 0.197898, 
Wine 223, 0.203529, 0.200559, 0.192093, 0.190866, 0.212953, 
Wine 224, 0.191087, 0.203567, 0.200482, 0.196373, 0.208492, 
Wine 226, 0.202674, 0.20749, 0.191095, 0.194001, 0.20474, 
Wine 227, 0.206959, 0.190247, 0.19991, 0.209285, 0.193598, 
Wine 228, 0.191111, 0.220714, 0.207966, 0.191411, 0.188798, 
Wine 229, 0.204676, 0.19835, 0.193208, 0.211491, 0.192275, 
Wine 231, 0.203803, 0.19634, 0.190253, 0.212902, 0.196701, 
Wine 232, 0.208228, 0.192294, 0.192294, 0.211673, 0.195512, 
Wine 233, 0.202417, 0.210816, 0.195035, 0.190908, 0.200824, 
Wine 234, 0.202259, 0.207066, 0.199274, 0.190704, 0.200696, 
Wine 236, 0.204437, 0.198116, 0.188867, 0.194677, 0.213904, 
Wine 237, 0.197577, 0.199472, 0.213389, 0.192977, 0.196585, 
Wine 238, 0.199998, 0.210537, 0.199059, 0.193395, 0.19701, 
Wine 239, 0.202795, 0.218467, 0.191432, 0.190231, 0.197074, 
Wine 241, 0.20265, 0.207632, 0.190962, 0.193911, 0.204845, 
Wine 242, 0.20478, 0.203075, 0.187278, 0.192996, 0.211871, 
Wine 243, 0.20163, 0.217015, 0.190364, 0.195055, 0.195936, 
Wine 244, 0.206666, 0.197906, 0.199107, 0.194802, 0.201519, 
Wine 246, 0.204993, 0.200743, 0.191298, 0.194207, 0.208759, 
Wine 247, 0.208458, 0.198936, 0.190702, 0.21209, 0.189815, 
Wine 248, 0.201923, 0.208055, 0.196848, 0.191385, 0.201789, 
Wine 249, 0.19733, 0.20624, 0.203129, 0.189813, 0.203489, 
Wine 251, 0.206505, 0.195951, 0.19507, 0.21248, 0.189995, 
Wine 252, 0.203336, 0.209712, 0.193899, 0.189752, 0.203301, 
Wine 253, 0.200538, 0.202544, 0.197172, 0.192862, 0.206884, 
Wine 254, 0.201223, 0.201943, 0.195377, 0.195377, 0.20608, 
Wine 256, 0.200516, 0.202566, 0.197162, 0.192805, 0.206951, 
Wine 257, 0.204079, 0.203244, 0.190445, 0.190445, 0.211787, 
Wine 258, 0.205524, 0.200381, 0.196219, 0.196733, 0.201144, 
Wine 259, 0.199223, 0.202513, 0.202919, 0.195644, 0.199702, 
Wine 261, 0.193243, 0.203109, 0.207292, 0.196274, 0.200083, 
Wine 262, 0.198968, 0.202254, 0.189517, 0.198505, 0.210756, 
Wine 263, 0.198794, 0.20483, 0.193797, 0.18842, 0.214159, 
Wine 264, 0.197798, 0.199777, 0.198973, 0.199394, 0.204058, 
Wine 266, 0.189904, 0.209694, 0.209162, 0.195157, 0.196083, 
Wine 267, 0.189775, 0.198622, 0.203728, 0.204821, 0.203055, 
Wine 268, 0.191403, 0.21302, 0.208524, 0.19475, 0.192303, 
Wine 269, 0.191535, 0.201314, 0.210677, 0.19454, 0.201933, 
Wine 271, 0.197796, 0.213468, 0.190594, 0.198448, 0.199694, 
Wine 272, 0.199897, 0.212829, 0.196542, 0.195215, 0.195518, 
Wine 273, 0.193853, 0.205861, 0.194773, 0.198416, 0.207098, 
Wine 274, 0.194028, 0.212357, 0.206656, 0.188498, 0.198461, 
Wine 276, 0.189476, 0.206017, 0.218964, 0.189476, 0.196066, 
Wine 277, 0.198902, 0.198262, 0.199536, 0.201319, 0.201982, 
Wine 278, 0.197034, 0.205184, 0.204426, 0.19822, 0.195135, 
Wine 279, 0.195795, 0.215778, 0.192481, 0.194204, 0.201742, 
Wine 281, 0.195856, 0.212697, 0.200958, 0.195093, 0.195396, 
Wine 282, 0.204697, 0.205139, 0.193228, 0.198013, 0.198923, 
Wine 283, 0.191277, 0.201797, 0.208634, 0.191613, 0.206678, 
Wine 284, 0.196232, 0.210045, 0.204386, 0.192709, 0.196629, 
Wine 286, 0.196785, 0.207836, 0.199936, 0.194101, 0.201342, 
Wine 287, 0.192943, 0.206361, 0.202021, 0.202392, 0.196284, 
Wine 288, 0.194148, 0.200073, 0.214668, 0.190432, 0.200678, 
Wine 289, 0.19351, 0.206968, 0.202616, 0.196546, 0.20036, 
Wine 291, 0.198963, 0.206561, 0.197604, 0.193238, 0.203634, 
Wine 292, 0.193253, 0.215656, 0.195656, 0.197408, 0.198026, 
Wine 293, 0.196339, 0.19378, 0.190716, 0.206669, 0.212496, 
Wine 294, 0.1949, 0.204257, 0.215214, 0.191188, 0.194442, 
Wine 296, 0.195398, 0.194067, 0.201141, 0.200177, 0.209217, 
Wine 297, 0.20415, 0.198681, 0.192375, 0.198433, 0.206361, 
Wine 298, 0.203133, 0.197705, 0.200134, 0.197466, 0.201562, 
Wine 299, 0.196396, 0.200247, 0.1994, 0.203133, 0.200823, 
Wine 301, 0.185641, 0.212345, 0.209125, 0.190676, 0.202212, 
Wine 302, 0.192504, 0.212759, 0.207047, 0.188854, 0.198836, 
Wine 303, 0.186814, 0.21195, 0.212788, 0.193772, 0.194676, 
Wine 304, 0.195043, 0.2045, 0.205052, 0.197383, 0.198022, 
Wine 306, 0.197111, 0.199084, 0.203023, 0.189567, 0.211215, 
Wine 307, 0.19112, 0.213276, 0.20755, 0.192214, 0.19584, 
Wine 308, 0.194702, 0.213095, 0.207374, 0.189153, 0.195675, 
Wine 309, 0.19518, 0.20974, 0.202919, 0.192523, 0.199639, 
Wine 311, 0.200218, 0.203525, 0.199278, 0.199752, 0.197227, 
Wine 312, 0.199548, 0.207717, 0.196529, 0.191075, 0.205131, 
Wine 313, 0.195027, 0.205865, 0.20772, 0.195388, 0.196001, 
Wine 314, 0.192255, 0.223933, 0.202078, 0.193642, 0.18809, 
Wine 316, 0.193933, 0.204824, 0.197039, 0.194312, 0.209892, 
Wine 317, 0.203435, 0.202642, 0.193973, 0.192688, 0.207262, 
Wine 318, 0.192438, 0.208669, 0.211953, 0.191679, 0.195262, 
Wine 319, 0.199998, 0.209029, 0.196631, 0.195328, 0.199013, 
Wine 321, 0.195515, 0.208662, 0.205549, 0.191773, 0.198501, 
Wine 322, 0.188394, 0.197177, 0.224191, 0.184856, 0.205381, 
Wine 323, 0.192207, 0.2137, 0.195016, 0.195527, 0.203551, 
Wine 324, 0.196844, 0.217146, 0.197892, 0.192262, 0.195856, 
Wine 326, 0.192576, 0.2149, 0.194971, 0.196716, 0.200837, 
Wine 327, 0.196026, 0.204058, 0.208261, 0.194146, 0.197508, 
Wine 328, 0.193723, 0.212024, 0.201405, 0.191086, 0.201762, 
Wine 329, 0.200856, 0.195483, 0.19351, 0.195242, 0.214908, 
Wine 331, 0.198755, 0.207525, 0.195391, 0.19714, 0.201189, 
Wine 332, 0.192635, 0.205898, 0.210176, 0.201563, 0.189727, 
Wine 333, 0.198986, 0.204309, 0.191442, 0.20379, 0.201473, 
Wine 334, 0.196051, 0.204604, 0.196981, 0.20396, 0.198404, 
Wine 336, 0.198938, 0.207082, 0.2004, 0.199593, 0.193988, 
Wine 337, 0.201851, 0.202233, 0.190572, 0.198376, 0.206967, 
Wine 338, 0.1979, 0.208085, 0.20137, 0.194346, 0.198299, 
Wine 339, 0.196937, 0.193626, 0.191687, 0.213357, 0.204392, 
Wine 341, 0.196113, 0.206211, 0.20545, 0.196113, 0.196113, 
Wine 342, 0.191407, 0.20403, 0.222531, 0.187779, 0.194254, 
Wine 343, 0.19479, 0.215286, 0.204504, 0.191097, 0.194323, 
Wine 344, 0.195754, 0.204392, 0.201281, 0.200421, 0.198152, 
Wine 346, 0.190819, 0.209242, 0.212758, 0.194958, 0.192223, 
Wine 347, 0.194948, 0.217188, 0.202553, 0.189418, 0.195893, 
Wine 348, 0.206879, 0.202947, 0.191245, 0.187281, 0.211647, 
Wine 349, 0.198244, 0.214134, 0.191014, 0.192724, 0.203884, 
Wine 351, 0.192786, 0.20328, 0.200186, 0.187343, 0.216404, 
Wine 352, 0.206237, 0.196654, 0.190604, 0.209495, 0.19701, 
Wine 353, 0.199033, 0.202321, 0.193723, 0.201807, 0.203116, 
Wine 354, 0.188418, 0.214007, 0.204411, 0.189483, 0.203681, 
Wine 356, 0.203882, 0.204268, 0.196695, 0.200372, 0.194783, 
Wine 357, 0.202147, 0.203408, 0.190598, 0.199637, 0.204208, 
Wine 358, 0.187194, 0.208894, 0.213911, 0.191218, 0.198783, 
Wine 359, 0.19635, 0.217011, 0.201383, 0.192628, 0.192628, 
Wine 361, 0.204194, 0.197878, 0.192689, 0.191435, 0.213804, 
Wine 362, 0.197703, 0.201734, 0.196353, 0.198109, 0.206102, 
Wine 363, 0.202312, 0.198929, 0.192564, 0.195561, 0.210635, 
Wine 364, 0.196426, 0.203843, 0.195064, 0.199994, 0.204673, 
Wine 366, 0.193107, 0.201013, 0.194527, 0.196925, 0.214428, 
Wine 367, 0.193525, 0.210567, 0.202525, 0.196537, 0.196847, 
Wine 368, 0.195246, 0.211873, 0.200251, 0.194481, 0.19815, 
Wine 369, 0.196572, 0.210564, 0.195602, 0.193042, 0.20422, 
Wine 371, 0.195125, 0.212714, 0.198547, 0.194625, 0.198989, 
Wine 372, 0.202551, 0.220885, 0.191374, 0.189123, 0.196067, 
Wine 373, 0.205173, 0.213113, 0.193644, 0.195378, 0.192692, 
Wine 374, 0.192685, 0.202602, 0.200691, 0.192192, 0.21183, 
Wine 376, 0.207945, 0.199396, 0.190087, 0.199031, 0.203541, 
Wine 377, 0.191584, 0.200691, 0.206058, 0.200173, 0.201494, 
Wine 378, 0.20057, 0.209732, 0.197203, 0.192893, 0.199602, 
Wine 379, 0.202158, 0.217199, 0.195007, 0.195582, 0.190053, 
Wine 381, 0.198672, 0.196086, 0.19301, 0.209021, 0.203211, 
Wine 382, 0.192744, 0.204813, 0.198186, 0.194198, 0.210059, 
Wine 383, 0.204697, 0.196323, 0.199785, 0.205635, 0.19356, 
Wine 384, 0.201927, 0.210305, 0.194563, 0.196305, 0.196901, 
Wine 386, 0.201207, 0.215116, 0.19189, 0.190664, 0.201123, 
Wine 387, 0.201011, 0.212211, 0.193913, 0.197535, 0.19533, 
Wine 388, 0.191686, 0.204326, 0.196599, 0.193928, 0.213462, 
Wine 389, 0.190412, 0.222036, 0.204225, 0.186853, 0.196474, 
Wine 391, 0.200143, 0.198793, 0.196784, 0.205102, 0.199178, 
Wine 392, 0.199629, 0.1912, 0.196683, 0.210824, 0.201665, 
Wine 393, 0.194361, 0.194985, 0.207204, 0.204587, 0.198863, 
Wine 394, 0.197463, 0.194887, 0.2007, 0.201097, 0.205852, 
Wine 396, 0.195733, 0.1944, 0.196834, 0.207412, 0.205621, 
Wine 397, 0.20029, 0.198939, 0.192624, 0.205252, 0.202895, 
Wine 398, 0.19585, 0.201827, 0.201035, 0.195092, 0.206196, 
Wine 399, 0.188417, 0.215785, 0.207269, 0.190567, 0.197963, 
Wine 401, 0.196316, 0.1995, 0.195346, 0.192789, 0.216048, 
Wine 402, 0.203313, 0.192772, 0.198229, 0.198725, 0.206962, 
Wine 403, 0.200184, 0.194835, 0.201835, 0.200921, 0.202225, 
Wine 404, 0.197506, 0.210787, 0.198104, 0.199876, 0.193726, 
Wine 406, 0.206812, 0.197174, 0.195192, 0.203286, 0.197537, 
Wine 407, 0.20396, 0.192252, 0.1965, 0.211791, 0.195497, 
Wine 408, 0.193112, 0.196898, 0.205494, 0.199736, 0.204761, 
Wine 409, 0.199129, 0.201809, 0.1953, 0.201549, 0.202213, 
Wine 411, 0.194406, 0.22452, 0.197247, 0.191774, 0.192053, 
Wine 412, 0.203403, 0.199186, 0.198344, 0.195699, 0.203368, 
Wine 413, 0.203003, 0.199601, 0.197587, 0.196277, 0.203532, 
Wine 414, 0.204298, 0.200063, 0.194816, 0.196561, 0.204263, 
Wine 416, 0.201776, 0.195542, 0.194663, 0.204892, 0.203128, 
Wine 417, 0.203021, 0.196367, 0.197605, 0.199372, 0.203635, 
Wine 418, 0.191484, 0.209972, 0.203128, 0.195638, 0.199778, 
Wine 419, 0.205922, 0.195203, 0.192165, 0.207975, 0.198734, 
Wine 421, 0.191329, 0.231268, 0.196322, 0.184243, 0.196838, 
Wine 422, 0.197549, 0.208643, 0.200713, 0.197935, 0.195158, 
Wine 423, 0.189784, 0.20794, 0.206099, 0.19087, 0.205307, 
Wine 424, 0.200094, 0.193559, 0.199256, 0.206433, 0.200657, 
Wine 426, 0.200333, 0.20027, 0.194988, 0.199892, 0.204517, 
Wine 427, 0.196292, 0.203704, 0.194931, 0.196675, 0.208398, 
Wine 428, 0.199062, 0.20453, 0.195721, 0.191443, 0.209243, 
Wine 429, 0.198488, 0.205104, 0.189149, 0.201155, 0.206104, 
Wine 431, 0.203978, 0.200563, 0.194196, 0.200312, 0.20095, 
Wine 432, 0.189224, 0.201583, 0.219565, 0.197628, 0.192, 
Wine 433, 0.203958, 0.197274, 0.194131, 0.210506, 0.194131, 
Wine 434, 0.206413, 0.199107, 0.190919, 0.192626, 0.210934, 
Wine 436, 0.197826, 0.21175, 0.201295, 0.194274, 0.194854, 
Wine 437, 0.189429, 0.213407, 0.202719, 0.198484, 0.195961, 
Wine 438, 0.191669, 0.211837, 0.211373, 0.193912, 0.191209, 
Wine 439, 0.201606, 0.196991, 0.193852, 0.203269, 0.204282, 
Wine 441, 0.194816, 0.207915, 0.204814, 0.191087, 0.201368, 
Wine 442, 0.210789, 0.197871, 0.188775, 0.200663, 0.201903, 
Wine 443, 0.197376, 0.194065, 0.196449, 0.206948, 0.205162, 
Wine 444, 0.201629, 0.20853, 0.19625, 0.194973, 0.198618, 
Wine 446, 0.196818, 0.210827, 0.200368, 0.187513, 0.204474, 
Wine 447, 0.199835, 0.212622, 0.19647, 0.192223, 0.19885, 
Wine 448, 0.189413, 0.208964, 0.208365, 0.197748, 0.19551, 
Wine 449, 0.193972, 0.21065, 0.20883, 0.19627, 0.190277, 
Wine 451, 0.197209, 0.214254, 0.201026, 0.187001, 0.20051, 
Wine 452, 0.194115, 0.197971, 0.197153, 0.200845, 0.209915, 
Wine 453, 0.196691, 0.198618, 0.189198, 0.204893, 0.210601, 
Wine 454, 0.198456, 0.197117, 0.199634, 0.200057, 0.204736, 
Wine 456, 0.200974, 0.195598, 0.198047, 0.198493, 0.206888, 
Wine 457, 0.204877, 0.197357, 0.199782, 0.200257, 0.197726, 
Wine 458, 0.19426, 0.210963, 0.204087, 0.193503, 0.197188, 
Wine 459, 0.198205, 0.205689, 0.201379, 0.195502, 0.199225, 
Wine 461, 0.191625, 0.208501, 0.21054, 0.197708, 0.191625, 
Wine 462, 0.194518, 0.204535, 0.208834, 0.197594, 0.194518, 
Wine 463, 0.200135, 0.206985, 0.199195, 0.196539, 0.197146, 
Wine 464, 0.188097, 0.211905, 0.211441, 0.193974, 0.194582, 
Wine 466, 0.192872, 0.214655, 0.205057, 0.190255, 0.197161, 
Wine 467, 0.186907, 0.206919, 0.205131, 0.192793, 0.208251, 
Wine 468, 0.194435, 0.214697, 0.199339, 0.190767, 0.200762, 
Wine 469, 0.186885, 0.218127, 0.214882, 0.186885, 0.19322, 
Wine 471, 0.199029, 0.206493, 0.192013, 0.202103, 0.200362, 
Wine 472, 0.196603, 0.209694, 0.201724, 0.195837, 0.196141, 
Wine 473, 0.203994, 0.197332, 0.194212, 0.206944, 0.197518, 
Wine 474, 0.199525, 0.202821, 0.198588, 0.199061, 0.200005, 
Wine 476, 0.200587, 0.2039, 0.19106, 0.203383, 0.20107, 
Wine 477, 0.190698, 0.205111, 0.193032, 0.201087, 0.210073, 
Wine 478, 0.206668, 0.193923, 0.195056, 0.199912, 0.204441, 
Wine 479, 0.201263, 0.196669, 0.197885, 0.196549, 0.207633, 
Wine 481, 0.19609, 0.202737, 0.205539, 0.19609, 0.199545, 
Wine 482, 0.19334, 0.215753, 0.204947, 0.194447, 0.191512, 
Wine 483, 0.192162, 0.212187, 0.206482, 0.197477, 0.191692, 
Wine 484, 0.192201, 0.212424, 0.201785, 0.191447, 0.202143, 
Wine 486, 0.192717, 0.215058, 0.204287, 0.193821, 0.194117, 
Wine 487, 0.193963, 0.208286, 0.201529, 0.194304, 0.201918, 
Wine 488, 0.202352, 0.205694, 0.196953, 0.195672, 0.199329, 
Wine 489, 0.207849, 0.199318, 0.19415, 0.20547, 0.193213, 
Wine 491, 0.195841, 0.211054, 0.198355, 0.193972, 0.200777, 
Wine 492, 0.193001, 0.207856, 0.199956, 0.19412, 0.205066, 
Wine 493, 0.200383, 0.197025, 0.195037, 0.206649, 0.200906, 
Wine 494, 0.190962, 0.212529, 0.213369, 0.19128, 0.19186, 
Wine 496, 0.202999, 0.1996, 0.197583, 0.196249, 0.20357, 
Wine 497, 0.198944, 0.19684, 0.187578, 0.199677, 0.21696, 
Wine 498, 0.192719, 0.211156, 0.195116, 0.200022, 0.200987, 
Wine 499, 0.193449, 0.207065, 0.196841, 0.189975, 0.212669, 
Wine 501, 0.192802, 0.208268, 0.202653, 0.194193, 0.202085, 
Wine 502, 0.199136, 0.206573, 0.197735, 0.196425, 0.200131, 
Wine 503, 0.194666, 0.197252, 0.199821, 0.207047, 0.201214, 
Wine 504, 0.198821, 0.193516, 0.20037, 0.202817, 0.204477, 
Wine 506, 0.199693, 0.191262, 0.1924, 0.20726, 0.209385, 
Wine 507, 0.204571, 0.19708, 0.204061, 0.196845, 0.197443, 
Wine 508, 0.203097, 0.199696, 0.197678, 0.199447, 0.200082, 
Wine 509, 0.205477, 0.20035, 0.187831, 0.19361, 0.212731, 
Wine 511, 0.195526, 0.194897, 0.205708, 0.197902, 0.205966, 
Wine 512, 0.199753, 0.197144, 0.198411, 0.200184, 0.204508, 
Wine 513, 0.193648, 0.20441, 0.206252, 0.194007, 0.201683, 
Wine 514, 0.197048, 0.203727, 0.201657, 0.197048, 0.20052, 
Wine 516, 0.199983, 0.198037, 0.202724, 0.201218, 0.198037, 
Wine 517, 0.195243, 0.201201, 0.200413, 0.197586, 0.205557, 
Wine 518, 0.19943, 0.201425, 0.196083, 0.201039, 0.202024, 
Wine 519, 0.190934, 0.207748, 0.20978, 0.193905, 0.197633, 
Wine 521, 0.195868, 0.197157, 0.198424, 0.200197, 0.208354, 
Wine 522, 0.194266, 0.192403, 0.201456, 0.205226, 0.20665, 
Wine 523, 0.195473, 0.192928, 0.203224, 0.192812, 0.215562, 
Wine 524, 0.191693, 0.192937, 0.208604, 0.199085, 0.207681, 
Wine 526, 0.194104, 0.201434, 0.20693, 0.191457, 0.206075, 
Wine 527, 0.197413, 0.196778, 0.198042, 0.199812, 0.207954, 
Wine 528, 0.195931, 0.21115, 0.198446, 0.197081, 0.197392, 
Wine 529, 0.19617, 0.196823, 0.199385, 0.203118, 0.204504, 
Wine 531, 0.198665, 0.196751, 0.2013, 0.203097, 0.200187, 
Wine 532, 0.191119, 0.205828, 0.207761, 0.192226, 0.203066, 
Wine 533, 0.195902, 0.198505, 0.201089, 0.198253, 0.206251, 
Wine 534, 0.196227, 0.200867, 0.203588, 0.194335, 0.204982, 
Wine 536, 0.200398, 0.202361, 0.201525, 0.192764, 0.202953, 
Wine 537, 0.199332, 0.206943, 0.193596, 0.199741, 0.200388, 
Wine 538, 0.195666, 0.199553, 0.198729, 0.209409, 0.196644, 
Wine 539, 0.192731, 0.204052, 0.215186, 0.193862, 0.194168, 
Wine 541, 0.197811, 0.204581, 0.201481, 0.194257, 0.201869, 
Wine 542, 0.203324, 0.202493, 0.198267, 0.192626, 0.203289, 
Wine 543, 0.202692, 0.216529, 0.193327, 0.195058, 0.192394, 
Wine 544, 0.195075, 0.207422, 0.196113, 0.19658, 0.20481, 
Wine 546, 0.196689, 0.200647, 0.199839, 0.194006, 0.208819, 
Wine 547, 0.192784, 0.194036, 0.20466, 0.203565, 0.204954, 
Wine 548, 0.197929, 0.196012, 0.200597, 0.202386, 0.203075, 
Wine 549, 0.200477, 0.196622, 0.196622, 0.206251, 0.200027, 
Wine 551, 0.205385, 0.198654, 0.195488, 0.204984, 0.195488, 
Wine 552, 0.193436, 0.201362, 0.205509, 0.197711, 0.201981, 
Wine 553, 0.193032, 0.200941, 0.210287, 0.194179, 0.20156, 
Wine 554, 0.198066, 0.204175, 0.198697, 0.194257, 0.204803, 
Wine 556, 0.199726, 0.200416, 0.198384, 0.196993, 0.204481, 
Wine 557, 0.191431, 0.206031, 0.202923, 0.192527, 0.207088, 
Wine 558, 0.190948, 0.211392, 0.209566, 0.193896, 0.194198, 
Wine 559, 0.194151, 0.204149, 0.203395, 0.197221, 0.201085, 
Wine 561, 0.200364, 0.207314, 0.195018, 0.199923, 0.197381, 
Wine 562, 0.200771, 0.206286, 0.197402, 0.199168, 0.196373, 
Wine 563, 0.19913, 0.192626, 0.198296, 0.198716, 0.211231, 
Wine 564, 0.189117, 0.218664, 0.204969, 0.190173, 0.197076, 
Wine 566, 0.19499, 0.21341, 0.202722, 0.189433, 0.199445, 
Wine 567, 0.198549, 0.199889, 0.201225, 0.196626, 0.203711, 
Wine 568, 0.196768, 0.204198, 0.19992, 0.194085, 0.205029, 
Wine 569, 0.200041, 0.204121, 0.194285, 0.200452, 0.201101, 
Wine 571, 0.191026, 0.200697, 0.209882, 0.19709, 0.201304, 
Wine 572, 0.193815, 0.207294, 0.207906, 0.193815, 0.197171, 
Wine 573, 0.199728, 0.201769, 0.196387, 0.192047, 0.21007, 
Wine 574, 0.194401, 0.203827, 0.199548, 0.193648, 0.208575, 
Wine 576, 0.198366, 0.205941, 0.197012, 0.195657, 0.203024, 
Wine 577, 0.194681, 0.197268, 0.209804, 0.197017, 0.201229, 
Wine 578, 0.201913, 0.201881, 0.192231, 0.201494, 0.202481, 
Wine 579, 0.198171, 0.197534, 0.198803, 0.20058, 0.204912, 
Wine 581, 0.195902, 0.198505, 0.201089, 0.198253, 0.206251, 
Wine 582, 0.194275, 0.191746, 0.201979, 0.19776, 0.21424, 
Wine 583, 0.198637, 0.199323, 0.20197, 0.192893, 0.207177, 
Wine 584, 0.191771, 0.204417, 0.206259, 0.188135, 0.209418, 
Wine 586, 0.198416, 0.209442, 0.19702, 0.195715, 0.199407, 
Wine 587, 0.196406, 0.204454, 0.203675, 0.197574, 0.197891, 
Wine 588, 0.193203, 0.201046, 0.210247, 0.197433, 0.198072, 
Wine 589, 0.195598, 0.205906, 0.199227, 0.192084, 0.207186, 
Wine 591, 0.195841, 0.211054, 0.198355, 0.193972, 0.200777, 
Wine 592, 0.19642, 0.201744, 0.197525, 0.197969, 0.206343, 
Wine 593, 0.193576, 0.21022, 0.203368, 0.192821, 0.200014, 
Wine 594, 0.20456, 0.195858, 0.197068, 0.195738, 0.206776, 
Wine 596, 0.198637, 0.199323, 0.20197, 0.192893, 0.207177, 
Wine 597, 0.198917, 0.194365, 0.200162, 0.197339, 0.209217, 
Wine 598, 0.196581, 0.205457, 0.202358, 0.189093, 0.206512, 
Wine 599, 0.193205, 0.192576, 0.208213, 0.198713, 0.207292, 
Wine 601, 0.195878, 0.196531, 0.203908, 0.199483, 0.2042, 
Wine 602, 0.199307, 0.20981, 0.198371, 0.192727, 0.199786, 
Wine 603, 0.196691, 0.194125, 0.199915, 0.200311, 0.208959, 
Wine 604, 0.198568, 0.212124, 0.189394, 0.194085, 0.205828, 
Wine 606, 0.198549, 0.199889, 0.201225, 0.196626, 0.203711, 
Wine 607, 0.19533, 0.208336, 0.200418, 0.197644, 0.198273, 
Wine 608, 0.195243, 0.201201, 0.200413, 0.197586, 0.205557, 
Wine 609, 0.194004, 0.2054, 0.205955, 0.192152, 0.20249, 
Wine 611, 0.184686, 0.207854, 0.21842, 0.187495, 0.201544, 
Wine 612, 0.196389, 0.196389, 0.200982, 0.202775, 0.203465, 
Wine 613, 0.194483, 0.19385, 0.199633, 0.20337, 0.208664, 
Wine 614, 0.191363, 0.209839, 0.203, 0.192472, 0.203326, 
Wine 616, 0.187224, 0.208727, 0.198323, 0.191213, 0.214513, 
Wine 617, 0.195979, 0.20196, 0.196572, 0.19522, 0.210268, 
Wine 618, 0.193532, 0.198021, 0.205454, 0.200996, 0.201998, 
Wine 619, 0.203496, 0.198046, 0.191759, 0.200999, 0.2057, 
Wine 621, 0.195648, 0.205135, 0.205689, 0.194891, 0.198637, 
Wine 622, 0.19705, 0.20171, 0.204443, 0.198237, 0.19856, 
Wine 623, 0.196141, 0.202127, 0.196735, 0.198494, 0.206503, 
Wine 624, 0.193633, 0.20352, 0.202744, 0.203116, 0.196986, 
Wine 626, 0.198803, 0.20075, 0.19123, 0.200371, 0.208846, 
Wine 627, 0.196293, 0.193738, 0.204077, 0.193621, 0.212271, 
Wine 628, 0.20207, 0.202742, 0.196255, 0.199309, 0.199624, 
Wine 629, 0.192182, 0.198587, 0.201224, 0.201593, 0.206413, 
Wine 631, 0.190315, 0.19995, 0.209101, 0.196356, 0.204278, 
Wine 632, 0.190819, 0.207623, 0.209654, 0.190819, 0.201085, 
Wine 633, 0.198241, 0.207853, 0.198841, 0.200619, 0.194447, 
Wine 634, 0.201454, 0.196843, 0.198084, 0.203116, 0.200503, 
Wine 636, 0.189726, 0.211517, 0.21645, 0.187941, 0.194366, 
Wine 637, 0.200228, 0.210021, 0.190978, 0.205511, 0.193263, 
Wine 638, 0.197151, 0.206616, 0.193396, 0.202715, 0.200122, 
Wine 639, 0.19813, 0.190547, 0.204072, 0.210078, 0.197174, 
Wine 641, 0.190685, 0.201886, 0.212901, 0.191805, 0.202722, 
Wine 642, 0.197995, 0.198655, 0.206112, 0.201639, 0.195599, 
Wine 643, 0.191195, 0.209486, 0.207632, 0.19229, 0.199397, 
Wine 644, 0.192389, 0.200199, 0.209361, 0.193518, 0.204533, 
Wine 646, 0.197291, 0.201957, 0.199907, 0.198478, 0.202367, 
Wine 647, 0.198468, 0.199659, 0.195501, 0.209467, 0.196905, 
Wine 648, 0.199215, 0.20476, 0.195882, 0.194535, 0.205608, 
Wine 649, 0.193146, 0.198978, 0.198177, 0.198596, 0.211103, 
Wine 651, 0.193525, 0.194781, 0.205446, 0.207846, 0.198402, 
Wine 652, 0.202075, 0.200741, 0.194266, 0.194266, 0.208651, 
Wine 653, 0.197291, 0.201957, 0.199907, 0.198478, 0.202367, 
Wine 654, 0.202406, 0.202406, 0.197007, 0.198769, 0.199412, 
Wine 656, 0.197217, 0.198531, 0.199832, 0.198404, 0.206016, 
Wine 657, 0.194629, 0.202604, 0.206777, 0.192762, 0.203227, 
Wine 658, 0.19251, 0.204435, 0.202507, 0.190937, 0.209612, 
Wine 659, 0.193361, 0.197889, 0.205429, 0.197634, 0.205687, 
Wine 661, 0.197305, 0.20484, 0.20054, 0.191628, 0.205688, 
Wine 662, 0.199568, 0.200257, 0.198228, 0.193798, 0.208149, 
Wine 663, 0.195977, 0.201958, 0.201166, 0.198329, 0.202569, 
Wine 664, 0.191918, 0.20882, 0.205705, 0.194905, 0.198652, 
Wine 666, 0.19703, 0.19703, 0.201639, 0.20017, 0.20413, 
Wine 667, 0.195271, 0.197865, 0.200441, 0.200837, 0.205586, 
Wine 668, 0.200205, 0.202166, 0.192579, 0.198596, 0.206454, 
Wine 669, 0.188421, 0.210263, 0.215313, 0.189499, 0.196504, 
Wine 671, 0.196889, 0.193102, 0.207142, 0.199281, 0.203586, 
Wine 672, 0.193244, 0.203195, 0.207466, 0.199477, 0.196619, 
Wine 673, 0.20155, 0.20361, 0.193799, 0.196815, 0.204226, 
Wine 674, 0.194083, 0.206881, 0.208746, 0.193322, 0.196969, 
Wine 676, 0.190361, 0.20488, 0.20179, 0.200822, 0.202147, 
Wine 677, 0.194508, 0.197092, 0.199658, 0.200053, 0.20869, 
Wine 678, 0.195973, 0.200563, 0.19853, 0.200304, 0.20463, 
Wine 679, 0.195033, 0.201589, 0.199543, 0.198117, 0.205718, 
Wine 681, 0.191679, 0.206432, 0.20837, 0.189858, 0.203661, 
Wine 682, 0.193685, 0.201548, 0.210772, 0.191836, 0.202158, 
Wine 683, 0.196637, 0.207679, 0.199786, 0.191005, 0.204892, 
Wine 684, 0.200784, 0.200752, 0.195427, 0.194108, 0.208928, 
Wine 686, 0.190876, 0.213003, 0.197664, 0.191969, 0.206488, 
Wine 687, 0.197741, 0.20172, 0.19637, 0.198127, 0.206042, 
Wine 688, 0.194095, 0.198641, 0.20621, 0.198385, 0.20267, 
Wine 689, 0.197614, 0.2029, 0.190122, 0.209282, 0.200083, 
Wine 691, 0.196518, 0.20457, 0.199081, 0.194633, 0.205199, 
Wine 692, 0.198575, 0.196651, 0.201251, 0.199785, 0.203737, 
Wine 693, 0.191275, 0.215178, 0.205529, 0.19052, 0.197498, 
Wine 694, 0.193425, 0.204787, 0.205341, 0.194561, 0.201886, 
Wine 696, 0.193319, 0.211984, 0.205074, 0.191482, 0.198142, 
Wine 697, 0.199673, 0.198341, 0.200923, 0.194982, 0.206081, 
Wine 698, 0.198463, 0.206042, 0.197108, 0.198871, 0.199515, 
Wine 699, 0.197117, 0.202532, 0.198288, 0.198708, 0.203356, 
Wine 701, 0.193958, 0.193327, 0.209024, 0.199487, 0.204204, 
Wine 702, 0.192296, 0.202114, 0.211514, 0.198449, 0.195626, 
Wine 703, 0.189623, 0.21332, 0.208852, 0.188875, 0.19933, 
Wine 704, 0.197325, 0.194751, 0.20056, 0.197731, 0.209633, 
Wine 706, 0.196406, 0.204454, 0.203675, 0.197574, 0.197891, 
Wine 707, 0.195671, 0.203764, 0.203012, 0.196849, 0.200705, 
Wine 708, 0.200477, 0.192804, 0.197112, 0.198876, 0.21073, 
Wine 709, 0.196372, 0.19381, 0.204422, 0.196776, 0.20862, 
Wine 711, 0.200461, 0.201153, 0.199114, 0.197718, 0.201555, 
Wine 712, 0.193786, 0.19506, 0.211108, 0.201326, 0.19872, 
Wine 713, 0.190866, 0.193982, 0.209941, 0.200213, 0.204999, 
Wine 714, 0.197224, 0.201246, 0.200457, 0.191549, 0.209525, 
Wine 716, 0.194238, 0.20492, 0.197209, 0.197678, 0.205955, 
Wine 717, 0.194039, 0.210563, 0.199013, 0.199461, 0.196925, 
Wine 718, 0.196625, 0.208282, 0.19919, 0.197793, 0.198111, 
Wine 719, 0.19489, 0.20484, 0.20406, 0.197947, 0.198264, 
Wine 721, 0.194459, 0.20094, 0.198904, 0.200681, 0.205016, 
Wine 722, 0.195878, 0.206878, 0.199016, 0.190269, 0.207959, 
Wine 723, 0.196272, 0.20439, 0.203635, 0.19438, 0.201322, 
Wine 724, 0.196807, 0.196167, 0.197403, 0.202418, 0.207204, 
Wine 726, 0.196479, 0.204605, 0.199084, 0.194585, 0.205246, 
Wine 727, 0.195526, 0.194897, 0.205708, 0.197902, 0.205966, 
Wine 728, 0.191923, 0.206695, 0.194348, 0.19926, 0.207774, 
Wine 729, 0.187654, 0.207746, 0.216857, 0.193564, 0.19418, 
Wine 731, 0.198889, 0.205023, 0.199523, 0.198124, 0.198442, 
Wine 732, 0.192154, 0.201965, 0.201195, 0.198303, 0.206383, 
Wine 733, 0.197499, 0.203527, 0.198097, 0.196735, 0.204142, 
Wine 734, 0.197092, 0.198388, 0.199663, 0.195201, 0.209656, 
Wine 736, 0.195716, 0.20648, 0.19871, 0.20243, 0.196665, 
Wine 737, 0.198424, 0.211121, 0.19954, 0.196829, 0.194087, 
Wine 738, 0.196389, 0.202447, 0.201676, 0.192613, 0.206876, 
Wine 739, 0.196327, 0.197505, 0.202582, 0.193876, 0.20971, 
Wine 741, 0.202155, 0.204265, 0.194343, 0.194343, 0.204894, 
Wine 742, 0.19541, 0.20341, 0.192453, 0.196053, 0.212674, 
Wine 743, 0.194208, 0.194831, 0.20704, 0.197736, 0.206185, 
Wine 744, 0.194316, 0.195595, 0.201508, 0.201877, 0.206704, 
Wine 746, 0.190902, 0.20419, 0.198685, 0.196571, 0.209652, 
Wine 747, 0.195057, 0.199625, 0.202276, 0.199368, 0.203674, 
Wine 748, 0.19909, 0.197747, 0.200272, 0.1975, 0.205391, 
Wine 749, 0.201051, 0.200411, 0.197166, 0.197166, 0.204207, 
Wine 751, 0.201475, 0.19186, 0.1961, 0.201031, 0.209534, 
Wine 752, 0.200098, 0.198749, 0.19674, 0.201712, 0.202701, 
Wine 753, 0.190347, 0.208557, 0.201775, 0.200808, 0.198513, 
Wine 754, 0.194354, 0.211065, 0.199416, 0.190652, 0.204513, 
Wine 756, 0.200356, 0.203725, 0.190794, 0.196756, 0.208369, 
Wine 757, 0.196959, 0.206415, 0.206922, 0.193208, 0.196496, 
Wine 758, 0.194638, 0.207598, 0.199708, 0.196944, 0.201112, 
Wine 759, 0.199722, 0.210938, 0.198338, 0.196999, 0.194003, 
Wine 761, 0.194732, 0.196013, 0.206886, 0.199035, 0.203334, 
Wine 762, 0.202748, 0.196886, 0.196886, 0.203186, 0.200295, 
Wine 763, 0.200857, 0.198902, 0.198902, 0.198902, 0.202438, 
Wine 764, 0.19978, 0.199145, 0.19592, 0.202239, 0.202916, 
Wine 766, 0.195703, 0.207305, 0.202945, 0.196866, 0.197182, 
Wine 767, 0.198024, 0.199344, 0.20065, 0.202441, 0.199541, 
Wine 768, 0.201484, 0.200154, 0.198125, 0.203184, 0.197052, 
Wine 769, 0.198852, 0.196257, 0.202111, 0.19926, 0.20352, 
Wine 771, 0.1979, 0.210563, 0.190361, 0.193279, 0.207897, 
Wine 772, 0.196389, 0.196389, 0.200982, 0.202775, 0.203465, 
Wine 773, 0.200204, 0.194387, 0.203642, 0.203985, 0.197782, 
Wine 774, 0.193036, 0.191184, 0.210291, 0.203926, 0.201563, 
Wine 776, 0.190221, 0.201293, 0.201788, 0.200766, 0.205932, 
Wine 777, 0.194508, 0.197092, 0.199658, 0.200053, 0.20869, 
Wine 778, 0.195596, 0.203611, 0.202835, 0.19372, 0.204237, 
Wine 779, 0.195813, 0.207422, 0.198367, 0.193935, 0.204463, 
Wine 781, 0.190903, 0.200567, 0.209746, 0.193874, 0.204909, 
Wine 782, 0.201551, 0.20091, 0.202226, 0.197656, 0.197656, 
Wine 783, 0.198856, 0.200181, 0.196939, 0.200053, 0.203972, 
Wine 784, 0.197865, 0.192198, 0.205841, 0.211898, 0.192198, 
Wine 786, 0.195947, 0.205354, 0.201051, 0.195183, 0.202464, 
Wine 787, 0.196272, 0.20439, 0.203635, 0.19438, 0.201322, 
Wine 788, 0.198442, 0.204563, 0.194626, 0.200854, 0.201515, 
Wine 789, 0.197916, 0.206102, 0.200541, 0.196009, 0.199432, 
Wine 791, 0.201048, 0.200416, 0.197144, 0.197144, 0.204248, 
Wine 792, 0.198592, 0.203335, 0.201269, 0.196669, 0.200134, 
Wine 793, 0.196083, 0.19739, 0.208485, 0.200457, 0.197585, 
Wine 794, 0.195163, 0.204626, 0.20033, 0.194407, 0.205473, 
Wine 796, 0.200497, 0.199859, 0.196623, 0.202965, 0.200057, 
Wine 797, 0.197908, 0.194084, 0.203325, 0.203667, 0.201015, 
Wine 798, 0.196491, 0.199725, 0.201033, 0.202829, 0.199923, 
Wine 799, 0.196378, 0.197687, 0.203745, 0.200759, 0.201431, 
Wine 801, 0.190798, 0.197053, 0.199569, 0.199992, 0.212587, 
Wine 802, 0.197113, 0.203795, 0.201724, 0.200255, 0.197113, 
Wine 803, 0.19296, 0.199391, 0.202039, 0.20582, 0.19979, 
Wine 804, 0.193529, 0.205779, 0.194559, 0.195022, 0.21111, 
Wine 806, 0.194206, 0.197403, 0.203453, 0.203795, 0.201142, 
Wine 807, 0.196597, 0.199243, 0.201889, 0.198986, 0.203284, 
Wine 808, 0.193592, 0.203476, 0.202701, 0.199787, 0.200444, 
Wine 809, 0.196743, 0.209332, 0.202525, 0.192149, 0.199251, 
Wine 811, 0.197366, 0.200641, 0.197366, 0.203784, 0.200843, 
Wine 812, 0.198366, 0.205941, 0.197012, 0.195657, 0.203024, 
Wine 813, 0.19884, 0.200183, 0.196914, 0.200053, 0.20401, 
Wine 814, 0.194829, 0.194829, 0.204106, 0.204449, 0.201787, 
Wine 816, 0.199754, 0.195894, 0.195894, 0.205567, 0.20289, 
Wine 817, 0.199754, 0.195894, 0.195894, 0.205567, 0.20289, 
Wine 818, 0.204381, 0.196483, 0.196483, 0.20277, 0.199885, 
Wine 819, 0.201074, 0.19717, 0.19717, 0.200312, 0.204274, 
Wine 821, 0.196971, 0.205117, 0.20436, 0.195072, 0.19848, 
Wine 822, 0.193244, 0.203195, 0.207466, 0.199477, 0.196619, 
Wine 823, 0.196353, 0.194461, 0.203719, 0.204062, 0.201405, 
Wine 824, 0.197293, 0.195391, 0.199909, 0.205039, 0.202369, 
Wine 826, 0.197266, 0.193472, 0.202575, 0.206367, 0.20032, 
Wine 827, 0.202486, 0.20185, 0.198555, 0.198555, 0.198555, 
Wine 828, 0.192181, 0.201408, 0.201903, 0.194458, 0.21005, 
